-3.39 23.15 -1.15
-3.37 23.22 -1.16
-3.35 23.46 -1.15
-3.72 24.37 -0.99
-4.04 26.72 -0.77
-4.27 28.65 -0.63
-4.47 30.65 -0.51
-5.04 32.31 -0.30
-5.54 34.30 -0.01
-6.08 35.66 0.26
-6.42 36.96 0.60
-6.87 37.79 1.05
-7.36 38.24 1.62
-6.71 42.56 3.64
-7.27 38.91 5.33
-7.76 38.67 5.01
-7.02 38.97 4.86
-7.61 39.38 5.03
-8.14 41.04 5.13
-7.81 41.17 5.25
-7.90 42.02 5.33
-7.30 43.41 5.35
-7.16 43.52 5.35
-7.76 42.96 5.32
-7.58 42.27 5.33
-7.78 41.29 5.40
-7.59 40.87 5.44
-7.22 40.26 5.44
-7.73 39.89 5.44
-7.39 39.45 5.58
-7.20 39.05 6.03
-6.94 37.60 6.78
-8.30 37.90 6.71
-7.73 34.11 6.40
-7.31 31.97 6.20
-6.41 29.87 6.08
-7.18 29.18 6.14
-6.51 29.10 6.24
-6.33 28.82 6.25
-6.18 28.53 6.38
-6.74 27.42 6.52
-6.99 26.34 6.46
-7.22 25.33 6.23
-7.46 25.14 5.80
-7.67 25.56 5.23
-7.83 26.20 4.66
-8.03 27.00 4.22
-8.15 27.65 3.98
-8.52 28.17 3.97
-9.30 29.27 4.18
-9.44 31.62 4.46
-9.03 32.05 4.89
-9.50 33.48 5.22
-9.70 33.40 5.34
-10.00 33.23 5.13
-11.17 34.14 4.99
-10.87 35.59 4.98
-11.33 36.50 4.91
-11.62 38.14 4.98
-11.95 40.06 5.16
-12.51 40.59 5.13
-13.18 41.99 4.93
-13.71 43.55 4.78
-14.25 43.41 4.78
-13.46 42.19 4.95
-13.31 42.25 5.35
-13.28 42.76 6.39
-13.83 42.50 7.89
-14.23 42.37 7.92
-14.19 41.99 7.89
-12.78 39.70 8.14
-12.08 39.07 8.24
-10.99 37.92 8.26
-10.58 36.99 7.35
-10.50 36.03 7.71
-10.54 35.07 7.86
-10.23 33.39 7.82
-9.86 33.03 7.89
-10.70 32.08 8.07
-9.80 32.30 8.31
-9.31 29.60 8.29
-10.82 27.89 7.95
-10.25 25.84 7.47
-10.65 24.11 6.97
-11.48 24.35 5.89
-12.05 25.72 4.77
-11.11 25.34 4.36
-11.32 25.87 4.49
-11.33 25.33 4.47
-12.39 25.39 4.37
-13.93 28.78 4.51
-13.20 31.63 5.33
-12.65 34.36 6.53
-12.42 36.97 7.66
-11.69 39.22 8.39
-12.81 44.29 8.66
-12.68 44.21 8.94
-12.67 46.23 9.55
-13.33 47.43 10.13
-14.98 47.78 10.66
-16.00 45.51 11.43
-16.98 44.07 12.39
-16.79 41.24 10.51
-15.58 38.11 8.10
-14.38 36.40 6.81
-14.20 36.06 6.58
-14.78 35.27 6.51
-13.87 33.42 6.56
-13.34 34.27 6.62
-12.95 32.48 6.75
-13.32 31.00 6.90
-14.21 29.67 7.15
-14.62 28.40 7.44
-14.70 26.77 7.82
-15.22 25.41 8.32
-15.94 25.25 8.61
-16.21 25.28 8.73
-16.94 24.67 8.62
-17.51 23.96 8.08
-17.37 23.39 7.24
-17.62 24.01 6.15
-16.86 24.77 5.11
-16.62 24.93 4.91
-16.31 25.10 5.24
-17.63 24.87 5.46
-16.68 24.36 5.48
-16.23 24.88 5.69
-16.75 25.13 6.21
-17.04 24.70 6.64
-16.79 23.75 6.73
-16.30 23.65 6.58
-15.65 24.52 6.29
-15.86 24.69 6.15
-15.35 25.97 6.39
-14.96 26.72 6.38
-14.46 28.14 6.47
-14.36 30.47 6.59
-13.87 32.00 6.98
-13.25 33.78 7.99
-13.50 34.08 9.27
-14.64 35.77 10.65
-14.81 36.18 10.41
-14.38 35.10 8.06
-14.29 35.08 7.62
-14.96 34.11 7.71
-15.07 35.30 8.12
-15.09 35.40 8.88
-14.91 36.05 9.82
-15.23 37.37 10.81
-15.33 37.77 11.16
-14.48 36.98 11.13
-13.98 36.48 10.98
-13.86 35.91 10.78
-14.15 36.71 10.46
-11.62 39.96 10.25
-10.75 38.01 10.38
-14.20 34.61 10.93
-15.23 33.94 11.56
-14.74 33.79 8.63
-14.41 35.66 8.82
-14.95 34.33 9.38
-14.82 34.37 11.24
-15.73 35.44 12.46
-15.67 35.71 12.68
-15.52 35.93 12.63
-14.91 36.01 12.68
-14.28 36.43 12.67
-13.98 36.34 12.54
-13.70 36.10 12.40
-13.64 36.02 12.30
-13.55 35.98 12.23
-13.54 35.90 12.14
-13.51 35.80 11.98
-13.47 35.77 11.88
-13.78 35.32 11.78
-14.04 34.63 11.49
-14.06 34.00 11.07
-13.25 33.43 10.98
-13.45 33.05 11.37
-14.40 33.06 11.84
-14.21 32.78 12.43
-14.42 33.03 13.14
-15.00 33.29 13.37
-13.19 33.62 11.59
-13.99 32.82 12.14
-14.59 33.88 13.13
-14.33 34.13 13.63
-14.18 34.43 13.59
-14.15 34.65 13.25
-12.39 36.23 12.64
-10.81 37.79 12.07
-10.55 38.24 11.88
-10.15 37.27 12.02
-12.97 33.27 12.66
-14.10 33.75 13.31
-14.61 34.18 13.55
-15.12 34.40 11.81
-13.80 33.06 12.37
-13.71 33.93 13.92
-14.03 34.88 14.58
-13.79 35.10 14.72
-13.70 35.48 14.69
-13.16 35.42 14.56
-12.66 35.16 14.39
-12.08 35.10 14.28
-11.92 35.37 14.25
-11.74 35.05 14.26
-12.05 34.73 14.37
-12.31 34.76 14.43
-12.33 34.84 14.32
-12.48 34.65 14.23
-12.63 34.85 14.20
-12.14 34.46 14.06
-12.25 34.38 14.15
-12.43 33.99 14.56
-12.02 34.71 14.94
-13.93 33.31 15.81
-16.67 35.66 16.43
-13.37 32.60 14.39
-13.44 31.84 12.11
-13.14 31.53 10.96
-13.08 31.35 11.03
-13.18 31.60 11.71
-13.37 31.77 12.38
-13.99 32.38 12.86
-15.00 33.26 12.84
-14.26 32.49 12.34
-13.20 31.80 11.39
-12.04 31.64 10.80
-14.01 32.39 11.05
-13.68 31.10 11.40
-13.27 32.40 11.90
-12.86 31.40 12.57
-13.87 31.39 13.16
-14.32 32.06 13.29
-13.55 31.59 13.24
-13.55 31.71 13.15
-13.81 32.34 12.70
-12.91 32.07 12.18
-12.71 32.48 11.76
-13.16 33.08 11.24
-12.33 33.31 10.74
-11.81 33.35 10.44
-12.71 32.85 10.13
-14.74 35.55 9.81
-12.94 31.77 9.89
-13.00 31.60 10.41
-13.67 31.01 11.06
-13.89 30.66 11.61
-14.44 35.87 12.06
-13.54 31.15 11.94
-13.34 31.95 12.74
-13.72 32.11 12.96
-13.44 31.97 12.73
-13.08 31.67 12.35
-12.77 32.38 11.95
-12.78 32.08 11.72
-12.09 32.03 11.71
-11.89 33.61 11.54
-12.81 37.57 11.33
-11.86 34.40 11.59
-12.97 32.42 12.18
-13.99 32.16 12.80
-12.70 34.01 10.41
-15.66 33.23 10.42
-14.88 31.77 10.54
-13.51 31.50 11.00
-14.15 31.04 11.32
-14.44 30.25 11.17
-14.39 29.83 11.08
-13.72 28.81 11.14
-12.99 27.56 11.08
-12.59 26.17 10.63
-12.50 25.27 9.94
-11.98 23.96 9.39
-11.22 23.23 9.09
-10.40 22.53 9.07
-11.92 21.38 9.24
-10.71 19.12 9.07
-10.46 18.51 9.02
-10.57 16.76 9.02
-10.76 15.04 8.97
-10.69 13.82 8.91
-10.76 13.16 8.92
-10.85 12.80 8.95
-10.99 13.14 8.82
-11.24 13.20 8.71
-11.61 13.67 8.61
-11.43 14.05 8.39
-11.29 14.18 8.18
-11.36 14.59 8.07
-11.60 15.91 7.93
-11.69 17.22 7.90
-12.29 19.96 8.07
-11.84 22.80 8.38
-12.27 25.22 8.87
-13.46 28.85 9.60
-14.46 32.09 10.77
-12.12 29.94 10.32
-15.35 30.61 10.53
-15.66 32.39 11.08
-15.77 34.75 11.88
-15.17 39.12 12.57
-14.22 42.08 12.86
-14.24 44.78 12.77
-13.65 46.66 13.15
-14.52 48.79 13.26
-13.45 46.62 13.30
-13.16 47.68 13.32
-13.56 47.05 13.33
-14.00 45.24 13.84
-15.42 45.33 14.43
-16.20 45.32 15.26
-17.07 45.90 15.81
-15.59 45.81 15.80
-15.20 46.13 15.92
-15.52 45.33 16.32
-15.74 46.29 16.95
-16.62 47.48 17.26
-16.26 45.45 17.28
-15.62 44.87 17.31
-16.03 45.06 17.38
-16.94 43.86 17.37
-18.01 41.60 17.37
-18.86 39.29 17.29
-18.59 36.40 17.10
-18.78 33.68 16.82
-18.74 29.98 16.03
-18.60 25.36 14.80
-17.67 23.45 13.16
-17.92 21.65 13.12
-17.30 20.11 13.21
-16.99 18.32 14.51
-18.33 17.36 14.74
-18.72 15.80 14.76
-19.30 12.66 14.40
-20.48 10.52 13.79
-21.13 8.67 12.85
-20.75 6.14 11.96
-21.41 5.35 11.15
-20.93 5.77 10.46
-20.40 5.17 10.21
-21.22 4.62 10.21
-22.01 5.27 10.21
-21.75 5.36 10.25
-22.00 5.62 10.49
-22.21 6.52 10.85
-21.92 8.69 11.18
-22.58 8.25 11.60
-23.07 12.53 12.12
-24.38 17.26 12.51
-23.17 18.94 12.86
-23.21 21.40 13.51
-23.08 23.92 14.38
-23.55 25.89 15.63
-24.12 27.80 17.40
-23.95 26.82 16.34
-26.50 27.10 16.49
-26.11 27.34 17.17
-27.70 29.05 17.45
-26.96 30.80 18.31
-27.30 33.32 19.85
-28.29 37.37 21.57
-27.20 40.72 22.60
-26.42 41.73 22.98
-26.19 42.90 23.15
-26.93 44.42 23.30
-26.32 44.01 23.29
-26.24 41.86 23.34
-26.49 43.82 23.29
-26.89 42.98 23.17
-26.48 41.75 23.04
-26.32 40.67 22.89
-26.93 39.33 22.73
-27.17 36.39 22.56
-27.34 34.03 22.30
-27.49 30.84 21.82
-26.87 27.37 21.49
-26.94 25.33 21.58
-26.50 23.94 20.59
-25.87 22.50 19.04
-25.47 21.05 18.04
-26.47 20.52 18.20
-25.60 18.81 18.43
-25.86 17.03 19.21
-26.18 15.60 19.60
-26.19 14.17 19.38
-26.39 13.64 18.89
-26.88 14.31 18.49
-27.15 15.18 18.33
-27.17 15.58 18.34
-27.97 17.84 18.50
-27.93 18.47 18.79
-27.44 19.37 19.24
-27.49 19.58 19.79
-27.79 20.50 20.44
-28.11 20.81 21.05
-28.95 22.43 21.58
-28.24 23.66 19.85
-27.30 24.57 19.29
-29.00 25.07 19.59
-28.94 24.25 19.45
-27.40 23.79 19.54
-28.03 24.93 19.71
-28.38 25.13 19.91
-27.34 26.28 20.07
-25.49 25.59 20.10
-25.29 25.80 19.78
-24.52 26.38 19.62
-24.97 25.87 19.77
-25.17 25.17 20.23
-26.02 25.06 20.23
-27.16 23.70 20.49
-28.14 23.18 19.86
-28.91 22.18 20.08
-30.05 21.86 20.20
-30.74 21.94 20.21
-30.76 21.71 20.38
-30.96 22.27 20.82
-31.78 23.35 21.22
-32.16 23.55 21.29
-31.45 23.20 21.04
-31.38 22.70 20.89
-31.27 22.42 20.89
-31.31 22.45 20.92
-31.64 22.71 20.91
-31.39 22.33 20.84
-31.40 22.93 20.84
-31.79 24.45 20.87
-31.42 24.61 20.78
-29.43 23.66 21.12
-27.27 24.53 21.47
-26.44 27.34 22.03
-25.92 27.70 22.33
-24.78 28.48 21.88
-23.10 29.52 21.16
-22.74 30.41 20.53
-22.72 30.46 20.37
-22.84 30.06 20.37
-22.76 29.58 20.46
-22.65 28.66 20.82
-22.64 27.26 21.33
-23.10 25.80 21.85
-23.43 25.20 22.35
-25.15 25.06 22.89
-26.16 24.34 23.49
-25.81 23.98 23.14
-29.28 23.32 22.59
-29.13 22.73 22.15
-30.19 22.41 21.85
-30.11 22.06 21.74
-30.27 21.55 21.91
-30.66 21.39 22.17
-31.25 21.46 22.16
-31.57 21.29 22.06
-31.67 21.15 22.01
-31.92 21.09 22.02
-31.75 20.73 22.02
-31.79 20.70 21.92
-31.81 20.75 21.84
-32.09 21.35 21.84
-32.15 22.37 21.91
-32.26 23.70 22.04
-31.48 23.72 22.33
-29.83 24.24 22.66
-26.00 22.92 22.92
-23.34 24.13 23.48
-23.02 24.57 23.11
-21.22 24.59 22.41
-21.35 23.94 22.16
-21.28 24.04 22.30
-21.71 23.65 22.39
-21.27 23.85 22.49
-21.27 23.37 22.64
-21.61 22.55 22.83
-22.10 22.17 23.08
-22.27 21.61 23.40
-22.20 21.61 23.85
-23.16 20.91 23.77
-24.89 20.44 23.33
-25.65 20.01 23.05
-26.44 19.84 23.04
-27.52 19.57 23.21
-29.68 20.01 23.47
-30.19 19.88 23.43
-29.61 19.00 23.50
-29.92 19.87 23.55
-29.37 21.20 23.50
-27.89 21.66 23.40
-25.25 20.77 23.49
-24.29 22.00 24.05
-23.08 23.82 24.55
-23.30 23.40 24.58
-24.16 22.18 24.63
-26.13 20.45 25.01
-27.89 20.65 25.78
-31.45 20.90 25.46
-31.84 18.65 24.98
-32.93 17.88 24.62
-32.71 16.56 24.51
-33.24 16.60 24.70
-33.10 16.63 24.93
-33.46 16.91 25.18
-33.57 17.35 25.36
-33.62 17.71 25.43
-33.09 17.78 25.58
-32.83 18.30 25.78
-32.38 18.59 25.91
-32.10 19.02 25.89
-31.73 19.72 25.87
-33.05 23.80 24.68
-29.23 20.60 24.02
-27.66 20.54 23.96
-27.22 21.70 24.12
-25.61 21.60 24.57
-24.38 22.05 25.33
-23.64 22.86 25.13
-22.88 22.02 24.50
-22.26 21.74 24.08
-21.92 21.88 24.11
-21.33 22.30 24.11
-21.23 21.82 24.03
-21.24 21.37 23.95
-21.38 21.23 24.05
-21.28 21.05 24.18
-21.32 20.89 24.28
-21.70 20.56 24.37
-21.71 20.81 24.56
-22.45 21.06 24.96
-23.57 20.64 25.63
-24.93 20.55 26.79
-27.27 20.23 25.94
-28.11 19.48 25.19
-28.91 18.70 24.76
-30.40 18.19 25.02
-31.64 18.28 25.18
-32.16 18.10 25.46
-32.31 18.26 25.69
-32.11 18.16 25.74
-32.03 18.05 25.71
-32.05 18.15 25.61
-31.92 17.98 25.45
-31.83 17.90 25.39
-31.86 18.16 25.40
-31.88 19.01 25.39
-32.07 20.32 25.30
-31.11 20.56 25.07
-29.85 20.28 25.03
-28.13 20.61 25.32
-25.92 21.11 25.61
-23.68 22.61 26.16
-22.48 23.64 26.38
-20.98 24.89 26.03
-20.33 24.34 25.46
-20.74 23.21 25.54
-20.56 23.04 25.81
-20.63 22.37 25.91
-20.38 22.04 26.00
-20.61 21.46 26.24
-21.02 20.88 26.27
-21.15 20.35 26.29
-21.60 19.66 26.23
-22.06 19.44 26.12
-22.85 20.12 26.19
-24.01 19.24 26.25
-25.16 19.05 26.30
-25.77 18.67 26.34
-27.08 18.91 26.43
-28.05 18.92 26.42
-28.60 18.75 26.41
-29.08 19.07 26.34
-29.52 19.70 26.27
-29.60 18.69 26.22
-29.59 18.36 26.21
-29.41 18.53 26.22
-29.19 18.57 26.23
-29.85 19.24 26.24
-29.07 19.09 26.26
-28.58 19.62 26.31
-27.87 20.08 26.41
-25.45 19.44 26.56
-21.89 19.51 26.84
-21.89 19.44 26.91
-20.16 19.63 26.96
-19.67 18.75 26.91
-20.25 18.25 26.93
-19.84 17.91 26.95
-19.70 17.85 26.97
-19.62 17.74 26.99
-19.42 17.86 27.00
-19.50 17.72 27.02
-19.91 17.54 27.03
-20.53 17.64 27.04
-21.16 17.57 27.04
-22.27 18.19 27.03
-23.83 17.41 27.04
-25.28 17.32 27.01
-26.85 17.58 27.01
-27.76 18.89 27.02
-26.83 18.15 27.00
-25.89 18.70 27.06
-22.29 18.45 27.19
-21.45 19.22 27.49
-19.60 20.14 27.35
-19.00 20.41 27.37
-20.47 19.04 27.41
-19.63 17.58 27.37
-20.69 16.62 27.42
-21.61 17.50 27.39
-22.86 16.56 27.39
-24.15 17.28 27.40
-26.39 16.89 27.39
-28.14 16.34 27.44
-29.90 17.63 27.47
-30.35 17.97 27.44
-29.79 17.91 27.44
-28.23 17.18 27.47
-27.13 18.40 27.56
-25.61 19.13 27.61
-23.59 17.85 27.74
-21.38 18.21 27.99
-21.12 18.57 28.02
-20.62 18.10 28.01
-21.49 17.09 27.73
-21.46 16.88 27.74
-22.32 17.55 27.72
-23.26 17.08 27.78
-25.12 15.94 28.22
-27.04 12.90 28.44
-29.53 12.02 28.19
-28.68 8.70 27.94
-29.08 8.00 28.15
-29.39 7.85 28.62
-29.84 7.94 28.82
-30.46 7.42 28.75
-30.00 6.63 28.44
-29.29 6.25 28.17
-28.31 6.42 27.92
-28.87 5.86 27.64
-28.72 6.30 27.07
-28.53 4.78 26.33
-28.80 3.21 25.81
-28.81 3.36 25.45
-28.81 3.13 25.12
-28.92 2.96 24.79
-29.02 2.30 24.62
-29.03 1.76 24.50
-29.21 1.10 24.47
-29.27 1.33 24.40
-29.23 1.64 24.27
-29.24 1.19 24.24
-29.24 1.40 24.22
-29.28 1.24 24.23
-29.07 1.60 24.26
-28.93 1.60 24.33
-28.41 2.63 24.38
-28.26 3.03 24.56
-28.31 3.56 24.73
-27.80 3.90 24.90
-27.37 4.02 25.07
-26.88 4.43 25.44
-26.31 4.54 26.05
-25.64 5.31 26.97
-25.04 6.97 28.33
-24.49 8.85 29.72
-24.93 12.16 30.57
-23.58 16.20 26.78
-21.53 14.93 23.99
-19.43 20.38 23.77
-20.75 15.71 23.80
-19.84 16.01 23.84
-20.42 17.93 24.00
-20.32 17.36 24.46
-20.18 18.53 25.15
-20.42 19.58 25.39
-20.20 20.25 25.35
-20.10 20.62 25.38
-19.78 21.49 25.31
-19.59 22.28 25.20
-19.72 22.55 25.21
-19.39 23.49 25.93
-19.98 23.86 26.58
-20.15 23.93 27.10
-20.27 24.61 27.52
-20.27 24.92 27.79
-19.95 25.13 27.98
-20.14 25.67 28.19
-19.81 26.00 28.36
-19.73 26.20 28.47
-19.75 26.92 28.48
-19.35 25.91 28.55
-19.46 26.18 28.61
-19.84 26.50 28.61
-19.65 25.18 28.69
-19.83 24.29 28.82
-20.90 24.67 28.89
-20.66 23.34 29.01
-20.82 21.80 29.22
-21.62 20.84 29.34
-22.53 19.91 29.38
-22.27 17.73 29.66
-19.96 18.55 26.65
-20.09 14.43 24.19
-20.17 13.74 22.24
-18.67 12.49 22.35
-18.21 11.90 22.83
-17.88 11.03 23.89
-17.97 9.19 24.86
-18.92 9.17 25.60
-18.40 7.11 25.70
-18.40 6.26 25.78
-18.51 5.13 25.91
-18.50 3.46 26.03
-18.46 1.74 26.26
-18.76 0.20 26.53
-19.27 -0.93 26.62
-19.71 -1.95 26.33
-20.52 -2.59 25.68
-20.36 -3.93 25.11
-20.57 -4.65 24.66
-20.99 -5.55 24.28
-21.04 -6.83 23.98
-21.19 -7.44 23.86
-21.07 -7.80 23.83
-21.62 -8.30 23.84
-21.27 -8.19 23.90
-21.42 -8.26 23.92
-21.31 -8.66 23.98
-21.32 -7.25 24.11
-21.60 -6.19 24.22
-22.12 -4.92 24.36
-22.92 -2.88 24.64
-23.88 0.34 24.86
-24.43 2.43 24.83
-24.22 3.39 24.93
-24.60 5.56 25.19
-25.42 7.91 25.41
-26.41 10.64 25.79
-26.65 13.18 26.65
-29.02 15.24 29.55
-27.41 13.54 29.98
-27.95 16.23 30.19
-28.53 17.78 30.42
-27.19 18.96 30.80
-28.09 20.37 31.68
-28.72 22.43 32.15
-27.76 21.76 32.28
-27.41 21.49 32.29
-27.63 21.83 32.33
-27.24 22.48 32.42
-26.85 22.44 32.40
-26.21 22.18 32.21
-26.37 22.04 32.04
-26.36 22.57 31.97
-25.65 21.39 32.00
-25.46 20.45 32.06
-25.10 19.30 32.07
-26.36 20.20 32.02
-26.95 19.61 32.06
-26.71 16.00 32.37
-26.81 14.46 32.82
-27.65 13.34 33.03
-28.10 11.89 33.23
-28.17 10.65 32.27
-27.71 10.47 31.06
-27.31 10.81 31.30
-27.68 10.42 31.75
-27.95 9.69 32.35
-28.16 10.38 32.74
-28.26 11.08 32.84
-27.95 10.94 33.09
-29.34 12.13 33.05
-28.79 11.22 33.36
-29.28 11.52 33.72
-29.30 11.38 33.98
-29.19 11.06 34.24
-29.34 10.65 34.50
-29.48 10.00 34.76
-29.78 9.81 35.09
-29.55 9.46 35.46
-29.24 9.07 35.83
-29.11 8.82 36.34
-29.14 8.38 36.97
-29.21 8.30 37.80
-29.07 8.49 38.52
-29.55 9.23 39.27
-29.08 8.98 40.00
-29.02 9.03 40.86
-29.01 9.41 41.62
-29.01 9.69 42.35
-29.06 10.12 43.02
-28.83 10.24 43.65
-29.20 11.02 44.37
-29.10 11.02 44.97
-28.95 10.88 45.38
-28.88 10.55 45.52
-28.81 10.20 45.63
-25.46 11.92 45.48
-28.72 11.01 45.70
-29.01 11.51 45.80
-29.21 11.24 45.77
-30.18 11.09 45.59
-30.13 9.96 45.53
-30.28 9.37 45.45
-31.23 9.42 45.44
-31.55 9.28 45.47
-31.53 8.82 45.38
-31.76 8.74 45.17
-31.61 8.67 44.94
-30.79 8.26 44.83
-31.09 8.92 44.80
-31.27 9.43 44.88
-31.72 10.31 44.02
-31.35 10.44 42.72
-30.64 10.10 41.73
-30.47 9.99 40.53
-30.31 9.75 39.12
-30.63 9.69 37.55
-30.05 8.12 36.14
-29.33 7.04 35.38
-30.12 3.97 36.27
-30.90 6.73 37.00
-29.24 6.01 37.06
-29.48 6.52 37.07
-31.23 8.53 36.81
-33.73 11.08 36.20
-33.02 10.31 35.29
-31.60 8.40 34.33
-31.33 7.91 33.42
-31.29 6.86 32.51
-32.01 7.34 31.40
-31.60 7.00 30.16
-31.22 6.30 28.85
-30.97 6.43 27.42
-30.36 5.86 26.26
-30.10 6.33 25.18
-30.51 6.17 24.01
-30.94 5.83 23.15
-31.08 5.37 22.72
-30.50 6.03 22.56
-29.87 5.66 22.58
-29.46 5.33 22.87
-29.46 5.07 23.57
-29.65 4.28 24.67
-29.66 4.90 25.64
-28.72 4.58 26.82
-27.79 4.33 28.26
-27.37 4.45 29.84
-27.44 5.12 31.28
-26.44 5.88 32.77
-26.08 6.48 34.35
-26.61 6.29 35.81
-27.29 6.98 37.00
-27.56 7.17 38.12
-27.71 7.31 38.92
-27.66 7.16 39.83
-27.19 7.46 41.01
-26.31 8.49 42.33
-26.04 9.51 43.88
-26.10 11.02 45.20
-25.57 11.85 46.69
-24.77 12.25 47.95
-24.96 13.48 49.18
-25.25 14.59 50.29
-24.79 14.95 51.24
-24.52 15.56 52.08
-24.36 16.56 53.06
-22.71 19.84 53.15
-22.71 19.82 52.24
-22.98 18.86 51.03
-22.42 18.51 49.24
-22.05 16.08 47.44
-23.24 15.14 45.70
-24.11 12.96 44.06
-23.73 11.65 42.43
-24.98 11.95 40.64
-24.67 10.75 38.35
-23.18 8.40 36.25
-23.10 7.64 34.38
-23.26 7.10 32.69
-22.89 6.04 30.94
-22.78 5.17 29.24
-23.19 4.59 27.68
-23.22 4.09 26.30
-21.79 3.77 25.13
-22.71 2.85 24.11
-22.51 2.59 23.44
-22.16 2.44 22.93
-21.80 2.28 22.79
-21.36 2.23 23.23
-21.42 2.60 23.88
-21.53 2.81 24.52
-22.00 1.61 25.60
-21.30 3.02 26.75
-20.67 2.85 27.87
-19.99 2.85 29.13
-20.38 2.91 30.37
-20.63 3.77 30.60
-21.63 5.05 30.81
-21.88 5.32 31.21
-22.09 5.34 32.24
-22.46 6.07 33.39
-22.56 6.39 34.31
-22.25 6.19 34.89
-22.50 5.52 35.12
-23.31 5.24 35.46
-24.18 4.62 36.22
-24.05 3.85 37.00
-23.04 2.46 37.73
-22.28 3.29 38.74
-22.38 4.58 40.00
-22.23 6.04 41.34
-21.43 6.02 42.54
-21.24 6.74 43.68
-21.40 7.87 44.68
-21.96 9.65 45.51
-22.49 11.69 45.89
-21.81 12.83 45.65
-21.50 13.01 45.03
-20.73 13.27 43.92
-19.94 12.98 42.72
-21.00 9.96 41.30
-19.67 7.72 39.99
-19.68 7.09 38.55
-19.96 7.41 37.26
-21.15 8.31 35.86
-16.85 4.94 33.89
-17.31 3.66 32.05
-17.89 2.37 30.42
-17.99 1.64 29.14
-17.76 0.68 28.01
-17.24 -0.50 26.95
-17.08 -1.14 27.99
-16.87 -0.15 28.80
-16.81 -0.35 29.19
-16.78 -0.65 29.49
-16.97 -0.78 29.90
-17.38 0.14 30.11
-17.60 0.25 30.27
-17.55 0.29 30.49
-18.38 -0.09 30.56
-19.13 0.64 30.70
-19.35 1.12 30.91
-19.08 2.13 31.09
-19.34 5.43 31.07
-19.99 4.71 31.08
-19.49 2.85 31.19
-20.46 2.27 31.19
-20.58 2.04 31.19
-20.43 2.10 31.21
-20.66 1.67 31.22
-20.72 1.65 31.24
-20.57 1.66 31.25
-20.63 1.53 31.27
-20.44 1.58 31.29
-20.29 1.49 31.31
-20.74 1.87 31.32
-20.17 1.35 31.34
-20.24 1.25 31.35
-20.21 1.17 31.36
-20.14 1.14 31.38
-19.89 1.81 31.36
-19.86 1.23 31.39
-19.51 1.25 31.40
-20.14 1.60 31.42
-19.36 1.55 31.45
-19.45 1.12 31.46
-18.56 1.63 31.49
-18.64 1.34 31.48
-18.22 1.49 31.48
-18.01 1.64 31.38
-17.93 1.95 31.37
-19.09 0.70 31.42
-19.58 1.14 31.50
-19.58 1.06 31.52
-20.40 1.78 31.54
-20.34 1.77 31.55
-20.13 1.61 31.57
-20.15 1.62 31.58
-19.79 1.31 31.59
-19.80 1.30 31.60
-19.54 1.15 31.62
-20.04 1.68 31.64
-20.04 1.62 31.66
-19.93 1.66 31.67
-19.18 1.13 31.70
-18.90 0.98 31.72
-18.14 0.57 31.74
-17.12 1.12 31.79
-16.71 2.06 31.74
-18.32 2.34 31.72
-19.38 1.48 31.72
-20.40 1.15 31.74
-20.65 0.19 31.77
-20.51 0.51 31.82
-20.31 0.37 31.85
-20.60 -0.06 31.88
-20.62 -0.15 31.90
-20.44 0.02 31.91
-20.52 -0.05 31.92
-20.35 -0.15 31.94
-20.08 -0.32 31.95
-19.45 0.07 31.98
-18.89 0.53 32.04
-18.59 0.87 32.09
-18.26 0.93 32.00
-18.82 0.24 31.98
-18.53 0.17 31.99
-18.46 -0.14 32.00
-18.64 -0.37 32.03
-18.75 -0.15 32.03
-19.20 0.47 32.02
-19.57 0.80 32.03
-19.51 0.86 32.05
-19.28 0.84 32.06
-17.75 0.05 32.07
-18.26 0.26 32.08
-17.87 -0.08 32.10
-17.64 -0.03 32.12
-17.25 -0.20 32.13
-16.83 -0.45 32.16
-16.10 -1.09 32.25
-15.92 0.17 32.23
-15.47 0.33 32.27
-14.85 -0.59 32.27
-14.18 -0.42 32.21
-13.61 -0.41 32.27
-13.37 -0.06 32.28
-13.66 -0.26 32.29
-13.72 -0.39 32.31
-13.92 -0.42 32.32
-14.59 -1.08 32.32
-15.04 -1.30 32.34
-15.15 -1.34 32.35
-15.30 -1.14 32.36
-15.97 -1.19 32.40
-16.35 -0.73 32.38
-16.80 -1.61 32.42
-17.29 -1.70 32.48
-18.12 -0.90 32.51
-18.60 -1.23 32.58
-20.41 -0.24 32.57
-20.44 -0.83 32.57
-21.40 -0.88 32.57
-22.92 -1.36 32.59
-24.28 -1.44 32.60
-24.61 -1.49 32.62
-24.49 -1.16 32.62
-25.46 -0.77 32.64
-25.69 -0.11 32.63
-24.97 -1.35 32.59
-24.77 -1.42 32.61
-25.04 -0.95 32.62
-26.16 -0.64 32.62
-26.06 -1.46 32.64
-26.22 -1.24 32.66
-27.73 -1.74 32.66
-28.89 -1.50 32.66
-29.76 -1.82 32.69
-30.97 -1.81 32.70
-32.46 -1.69 32.69
-33.61 -1.86 32.70
-34.41 -1.81 32.70
-35.46 -1.81 32.72
-36.27 -1.75 32.72
-37.35 -1.50 32.73
-38.64 -1.49 32.72
-40.55 -1.77 32.71
-42.00 -1.86 32.79
-42.70 -1.58 32.77
-43.66 -1.73 32.76
-44.68 -1.86 32.82
-44.98 -1.93 32.80
-45.57 -2.00 32.82
-46.87 -2.41 32.84
-46.92 -1.98 32.85
-46.37 -1.99 32.91
-46.13 -2.00 33.04
-45.03 -1.80 33.22
-45.02 -2.35 33.31
-44.37 -2.41 33.58
-44.62 -2.61 33.55
-44.45 -2.12 33.28
-43.09 -2.83 33.23
-41.80 -2.72 33.32
-41.65 -2.54 33.40
-40.47 -2.77 33.44
-39.88 -2.57 33.39
-39.23 -2.30 33.38
-39.21 -1.49 33.14
-38.65 -2.66 33.15
-38.61 -3.14 33.15
-38.84 -2.82 33.17
-38.49 -3.02 33.25
-38.35 -2.85 33.38
-38.02 -2.75 33.49
-38.34 -2.60 33.46
-38.07 -3.14 33.37
-38.18 -3.13 33.32
-38.65 -2.72 33.31
-38.78 -2.74 33.33
-39.08 -2.52 33.33
-39.10 -2.73 33.35
-39.31 -2.83 33.37
-38.93 -3.38 33.39
-38.64 -3.55 33.44
-37.81 -3.79 33.50
-36.79 -3.42 33.54
-35.35 -2.97 33.53
-34.90 -3.28 33.49
-33.03 -2.42 33.44
-33.00 -3.15 33.43
-32.83 -3.11 33.40
-33.91 -3.71 33.39
-34.14 -3.30 33.41
-34.24 -3.38 33.44
-34.34 -3.71 33.48
-34.34 -4.22 33.48
-33.99 -4.05 33.53
-34.41 -4.15 33.65
-34.76 -4.23 33.83
-34.59 -3.31 33.91
-34.45 -3.25 34.02
-33.88 -3.08 34.09
-33.01 -3.63 34.01
-31.80 -4.49 33.89
-29.81 -3.90 33.84
-29.43 -4.15 33.81
-28.47 -5.03 33.78
-27.26 -4.72 33.83
-25.68 -5.02 33.84
-23.79 -4.79 33.89
-21.59 -4.69 33.93
-18.59 -4.13 34.03
-17.75 -3.39 33.96
-13.86 -4.43 33.95
-12.39 -4.45 33.94
-11.03 -4.56 34.08
-10.74 -4.82 34.31
-9.61 -5.15 34.55
-9.18 -5.05 34.56
-9.12 -5.34 34.26
-9.31 -5.77 33.83
-9.13 -5.09 33.86
-9.17 -5.81 33.89
-9.42 -5.72 33.92
-9.96 -5.69 33.94
-10.98 -5.95 33.90
-12.03 -6.08 33.98
-12.92 -6.03 33.86
-13.30 -5.92 33.85
-13.32 -5.85 33.81
-12.66 -6.08 33.76
-13.43 -5.67 33.87
-13.76 -5.61 33.93
-12.79 -6.49 33.93
-12.82 -6.54 33.93
-13.10 -5.63 33.92
-12.70 -5.41 33.92
-11.77 -5.77 33.95
-9.88 -6.71 33.98
-8.49 -6.67 34.02
-7.84 -6.53 34.07
-7.49 -5.74 34.10
-5.42 -6.28 34.13
-2.50 -6.70 34.17
-0.97 -6.42 34.18
-0.74 -7.16 34.27
-0.15 -7.08 34.30
0.85 -6.42 34.30
1.25 -6.55 34.33
0.89 -6.96 34.37
1.01 -6.62 34.36
1.04 -6.71 34.39
1.43 -6.93 34.41
1.44 -7.12 34.44
1.41 -7.31 34.44
1.43 -7.29 34.46
1.16 -7.42 34.50
0.88 -7.79 34.58
1.27 -7.21 34.66
1.65 -6.59 34.66
1.07 -6.77 34.76
0.70 -6.64 34.67
-0.44 -7.22 34.70
-2.10 -7.90 34.70
-3.13 -7.67 34.65
-3.10 -7.94 34.83
-3.33 -7.70 34.91
-4.08 -7.72 34.94
-5.45 -7.97 34.97
-6.83 -7.62 35.02
-7.84 -7.44 35.20
-9.17 -6.63 35.38
-9.31 -6.79 35.51
-8.83 -7.26 35.64
-8.52 -7.95 35.80
-8.86 -7.82 35.97
-8.78 -8.01 36.06
-8.98 -7.87 35.95
-9.23 -7.69 35.59
-9.75 -7.61 35.11
-10.13 -7.68 34.93
-11.15 -6.83 35.15
-10.76 -7.05 35.39
-9.54 -8.17 35.58
-8.99 -7.80 35.50
-9.50 -8.02 35.34
-9.63 -8.14 35.15
-9.65 -8.03 35.03
-9.72 -7.73 35.11
-10.16 -7.45 35.16
-10.89 -7.30 34.98
-12.29 -7.54 34.97
-14.03 -8.00 34.88
-15.48 -8.28 34.82
-17.14 -8.16 34.87
-17.46 -7.85 35.39
-18.05 -7.03 35.76
-20.06 -7.18 35.77
-21.91 -8.15 35.80
-23.26 -7.51 36.29
-25.16 -6.83 36.36
-26.19 -6.83 36.06
-26.48 -7.64 35.62
-27.64 -7.53 35.21
-29.03 -7.94 34.90
-29.97 -7.77 34.90
-31.22 -7.90 35.01
-32.47 -7.75 34.95
-33.06 -7.65 34.96
-34.03 -8.06 35.05
-34.65 -7.72 35.11
-35.05 -7.46 35.11
-34.87 -7.69 35.11
-35.25 -7.58 34.94
-35.04 -7.88 34.84
-35.38 -7.66 34.84
-35.61 -7.52 34.86
-35.71 -7.76 34.89
-36.24 -7.52 34.93
-36.96 -7.56 34.96
-37.56 -7.51 34.95
-37.91 -8.00 35.01
-38.57 -7.86 35.00
-38.51 -8.22 35.02
-38.30 -8.46 35.04
-37.99 -8.34 35.06
-37.36 -8.43 35.05
-36.49 -8.07 35.04
-35.43 -7.98 35.11
-34.59 -8.18 35.10
-33.40 -7.76 35.13
-33.11 -6.95 35.12
-33.66 -7.48 35.12
-34.68 -8.52 35.11
-35.51 -8.10 35.11
-36.02 -7.87 35.13
-36.66 -8.07 35.18
-36.67 -8.27 35.31
-36.79 -8.83 35.52
-36.59 -8.78 35.59
-36.48 -8.96 35.69
-36.29 -8.75 35.88
-36.74 -8.96 36.15
-37.12 -8.93 36.51
-37.24 -8.44 36.90
-39.06 -7.89 36.90
-38.39 -9.01 36.77
-38.25 -8.74 36.62
-37.96 -8.43 36.65
-37.82 -8.45 36.65
-37.11 -8.61 36.55
-35.64 -8.61 36.52
-34.48 -8.82 36.49
-32.80 -9.14 36.46
-29.99 -9.24 36.42
-27.60 -9.31 36.39
-24.90 -9.41 36.37
-21.95 -9.49 36.34
-19.26 -9.81 36.25
-16.63 -10.00 35.90
-14.01 -9.73 35.77
-12.00 -10.45 35.84
-10.93 -11.66 36.06
-7.26 -10.51 36.60
-5.50 -10.41 36.96
-4.23 -11.19 36.88
-3.02 -11.72 36.55
-1.74 -11.87 36.38
-0.60 -11.85 36.37
0.37 -11.61 36.48
0.84 -11.80 36.54
0.78 -11.86 36.52
0.63 -12.72 36.49
0.60 -13.10 36.51
0.32 -12.99 36.55
0.49 -13.07 36.52
0.57 -13.17 36.40
0.87 -13.17 36.36
1.19 -13.17 36.44
1.49 -13.34 36.59
1.66 -13.32 36.61
1.91 -13.24 36.48
2.46 -13.30 36.28
2.86 -13.48 36.11
3.32 -13.51 35.90
3.98 -13.44 35.78
4.11 -13.27 35.67
4.20 -13.30 35.46
4.33 -13.49 35.37
4.35 -13.34 35.34
4.83 -13.24 35.29
5.31 -12.99 35.37
6.31 -12.28 35.49
5.52 -12.51 35.31
4.37 -13.38 35.40
4.11 -12.94 35.37
3.43 -12.66 35.49
2.72 -12.51 35.64
1.87 -12.62 35.69
0.39 -13.69 35.89
-0.50 -11.90 35.93
-2.29 -13.99 35.98
-3.04 -14.97 35.99
-4.15 -14.95 36.00
-5.00 -14.66 36.04
-5.78 -14.58 36.05
-8.04 -15.09 35.96
-9.22 -15.25 35.99
-10.41 -15.04 36.01
-12.53 -14.79 36.02
-13.74 -14.82 36.01
-14.33 -14.83 35.94
-16.11 -15.41 35.94
-17.48 -14.95 35.98
-18.58 -15.15 36.00
-19.37 -15.10 36.10
-20.42 -14.79 36.30
-21.36 -14.80 36.44
-22.00 -15.19 36.54
-22.55 -15.69 36.63
-22.99 -15.77 36.71
-22.65 -15.91 36.70
-21.86 -16.05 36.59
-21.20 -15.96 36.50
-20.48 -16.08 36.39
-19.61 -16.12 36.28
-18.33 -15.82 36.07
-16.77 -15.49 35.92
-16.15 -15.46 35.86
-14.92 -15.72 35.89
-13.63 -15.57 35.90
-13.01 -16.42 35.98
-12.42 -16.93 36.13
-12.62 -17.80 36.33
-13.00 -18.56 36.60
-13.30 -19.11 36.77
-13.78 -19.34 36.86
-14.76 -19.26 37.03
-16.26 -19.26 37.45
-17.71 -19.08 37.97
-19.42 -18.48 38.53
-21.72 -18.44 38.96
-23.91 -17.97 39.40
-26.23 -17.21 39.80
-28.45 -16.62 40.01
-30.77 -15.56 40.06
-33.23 -15.26 40.23
-35.47 -15.61 40.44
-37.15 -15.41 40.75
-39.48 -15.49 40.61
-38.09 -15.91 40.60
-36.95 -16.24 40.63
-35.38 -16.54 40.66
-33.29 -16.83 40.69
-30.69 -16.68 40.74
-28.14 -16.90 40.69
-25.14 -16.70 40.69
-22.18 -16.57 40.69
-19.00 -16.65 40.73
-16.05 -16.70 40.75
-12.80 -16.21 40.79
-10.05 -16.34 40.87
-7.95 -16.90 40.94
-5.99 -17.42 40.94
-3.99 -17.36 40.94
-1.56 -17.49 40.85
0.08 -17.18 40.78
0.78 -17.34 40.74
1.06 -17.33 40.71
1.43 -17.48 40.60
2.11 -18.56 40.43
2.41 -18.65 40.13
2.64 -18.62 39.82
2.59 -18.81 39.48
2.79 -18.70 38.97
2.71 -18.59 38.41
2.41 -18.61 37.79
2.22 -18.59 37.14
1.94 -18.55 36.34
1.54 -18.56 35.60
0.89 -18.55 34.82
-0.27 -18.59 34.12
-1.53 -18.12 33.29
-2.24 -17.08 32.37
-3.15 -15.48 31.22
-5.51 -15.32 30.19
-5.35 -13.80 29.02
-6.50 -13.39 27.86
-7.57 -13.44 26.68
-8.11 -13.75 25.76
-8.04 -13.78 24.83
-8.17 -14.03 23.94
-8.26 -14.37 23.16
-7.92 -14.55 22.57
-7.11 -14.62 22.13
-6.67 -15.97 21.85
-6.07 -16.06 21.74
-5.18 -16.79 21.75
-4.66 -17.51 21.83
-4.42 -18.17 21.97
-3.66 -18.89 22.09
-2.76 -18.97 22.19
-2.36 -19.18 22.24
-1.90 -19.22 22.26
-1.91 -19.50 22.21
-3.77 -20.34 22.27
-2.05 -21.47 22.61
-1.56 -21.54 23.13
-1.37 -21.53 23.64
-1.41 -21.86 24.18
-1.66 -22.72 24.79
-1.66 -23.54 25.48
-1.57 -23.57 26.29
-1.57 -22.42 27.19
-1.55 -23.27 28.06
-1.32 -23.24 28.96
-1.56 -23.87 29.88
-2.36 -22.20 30.77
-2.16 -22.24 31.63
-1.65 -24.13 32.52
-2.22 -24.24 33.44
-2.33 -24.94 34.41
-2.48 -25.07 35.25
-2.46 -25.05 36.04
-2.63 -25.45 36.74
-2.83 -25.65 37.41
-2.83 -25.58 38.03
-3.09 -25.19 38.46
-2.58 -24.96 38.47
-3.36 -25.76 38.48
-3.41 -25.89 38.49
-3.44 -25.96 38.50
-3.38 -26.02 38.47
-3.20 -25.97 38.34
-3.01 -25.83 38.08
-2.91 -25.84 37.75
-2.57 -25.62 37.31
-2.11 -25.36 36.82
-1.72 -25.17 36.27
-2.05 -25.55 35.76
-1.69 -25.36 35.22
-1.14 -24.97 34.65
-1.17 -25.23 34.06
-1.20 -25.38 33.56
-1.13 -25.52 33.02
-0.92 -24.69 32.36
-0.50 -24.86 31.56
-0.34 -25.00 30.77
0.23 -24.51 29.83
0.76 -23.19 29.12
-0.19 -24.93 28.44
0.15 -24.48 27.85
0.34 -23.84 27.31
-0.59 -24.38 26.94
-0.44 -23.49 26.52
-1.50 -23.85 26.10
-1.38 -23.33 25.60
-2.45 -24.13 25.22
-2.47 -23.65 24.69
-3.10 -24.40 24.25
-4.38 -25.71 23.92
-4.74 -26.30 23.68
-5.87 -27.08 23.44
-7.21 -27.06 23.36
-7.00 -28.02 23.50
-7.69 -28.13 23.90
-8.15 -27.20 24.37
-10.05 -24.06 24.93
-9.05 -24.58 25.59
-11.09 -21.63 26.23
-9.40 -22.70 26.88
-10.52 -21.95 27.53
-11.08 -21.76 28.28
-10.77 -22.27 29.03
-11.41 -22.03 29.85
-13.08 -20.33 30.59
-12.69 -21.55 31.34
-12.18 -24.48 31.95
-12.47 -26.03 32.50
-12.95 -26.33 32.93
-12.65 -30.78 33.34
-12.83 -33.45 33.56
-12.97 -36.53 33.71
-12.69 -35.97 34.75
-13.14 -36.10 35.22
-12.91 -36.42 35.65
-13.13 -36.64 35.95
-12.98 -35.99 36.22
-12.76 -36.41 36.25
-12.86 -36.65 36.28
-12.67 -36.44 36.27
-12.63 -36.43 36.29
-12.71 -36.55 36.31
-12.79 -36.47 36.31
-12.87 -36.64 36.32
-13.53 -36.78 36.33
-14.05 -36.82 36.33
-14.88 -36.87 36.30
-15.04 -36.95 36.31
-15.56 -37.02 36.31
-15.73 -36.85 36.34
-16.10 -36.84 36.34
-16.59 -36.75 36.33
-16.23 -36.79 36.34
-15.51 -36.37 36.32
-12.96 -37.38 36.37
-10.90 -37.21 36.39
-8.94 -36.74 36.44
-7.87 -36.85 36.47
-7.93 -37.27 36.50
-7.97 -37.57 36.51
-7.80 -37.77 36.52
-7.68 -37.65 36.52
-7.46 -37.60 36.50
-6.76 -37.95 36.49
-6.46 -37.77 36.43
-6.46 -37.83 36.58
-5.97 -37.46 36.64
-6.10 -36.21 36.65
-6.95 -37.69 36.61
-7.15 -37.17 36.61
-7.15 -37.57 36.62
-6.99 -38.29 36.58
-7.19 -38.24 36.47
-7.36 -38.17 36.58
-7.12 -38.07 36.70
-6.99 -38.53 36.72
-6.80 -38.41 36.74
-7.19 -38.18 36.75
-7.29 -38.60 36.72
-6.98 -38.47 36.72
-7.31 -38.37 36.75
-7.32 -38.06 36.76
-7.87 -38.51 36.61
-7.67 -38.12 36.42
-7.60 -37.80 36.41
nan nan 36.63
-7.59 -36.60 36.82
-7.80 -36.80 36.83
-7.64 -35.71 36.84
-6.78 -33.57 37.01
-6.78 -30.79 37.27
-6.78 -29.80 37.43
-6.54 -28.88 37.45
-6.42 -28.03 37.42
-6.39 -26.22 37.35
-5.62 -24.32 37.31
-6.27 -22.56 37.34
-5.57 -19.98 37.58
-6.48 -18.10 37.73
-6.00 -16.57 37.63
-5.77 -17.11 37.30
-6.52 -17.71 37.13
-8.21 -17.73 36.75
-6.20 -19.73 36.10
-6.50 -21.65 35.89
-7.20 -21.33 36.06
-6.62 -21.14 36.61
-6.36 -19.12 37.25
-6.17 -17.98 37.77
-6.02 -17.58 38.12
-5.35 -17.17 38.51
-5.31 -15.87 38.68
-6.02 -14.73 38.18
-6.05 -17.32 37.15
-6.12 -17.70 35.97
-6.31 -18.18 35.18
-6.62 -17.93 34.78
-7.41 -18.90 34.73
-6.96 -17.25 34.79
-6.99 -17.77 35.13
-6.47 -17.30 35.85
-5.58 -15.29 36.85
-5.26 -13.43 37.66
-5.94 -12.43 37.95
-5.78 -12.81 37.62
-6.16 -14.17 36.57
-5.92 -15.66 35.65
-6.19 -15.46 34.88
-6.34 -15.69 34.14
-6.31 -16.37 33.51
-6.84 -18.18 33.23
-6.63 -17.16 33.33
-6.33 -19.04 33.97
-5.03 -17.80 35.12
-5.30 -15.47 36.35
-4.27 -14.64 37.40
-5.00 -13.37 38.03
-5.58 -14.19 38.23
-5.40 -13.63 38.00
-5.83 -15.12 36.77
-5.13 -15.32 35.08
-4.26 -15.19 33.20
-5.70 -16.63 31.24
-5.64 -18.71 29.58
-6.16 -18.92 28.67
-6.28 -19.46 28.30
-6.04 -18.83 28.35
-6.27 -18.23 28.78
-6.08 -18.85 29.65
-5.58 -19.22 31.13
-4.16 -18.46 33.12
-4.65 -16.40 35.22
-4.11 -13.93 37.13
-5.16 -13.45 38.71
-4.93 -12.47 39.45
-4.63 -13.61 39.78
-4.87 -14.89 40.05
-4.84 -14.75 40.38
-4.87 -15.24 40.78
-4.87 -14.80 41.02
-5.10 -15.10 41.00
-5.00 -15.48 40.84
-5.22 -15.92 40.38
-5.23 -16.34 39.80
-5.03 -14.65 39.02
-5.14 -13.18 38.28
-5.08 -15.03 37.46
-5.12 -16.80 36.54
-5.85 -16.81 35.49
-5.48 -17.20 34.38
-6.94 -18.81 33.33
-5.72 -20.18 32.61
-5.49 -18.34 32.02
-5.35 -18.03 31.62
-5.47 -17.93 31.12
-6.50 -18.90 30.60
-5.48 -19.43 30.20
-5.52 -20.20 30.03
-5.24 -19.59 30.07
-5.43 -19.03 30.16
-5.34 -18.76 30.20
-5.50 -18.78 30.22
-5.38 -18.72 30.37
-5.23 -19.06 30.70
-5.12 -17.83 31.16
-5.09 -17.67 31.64
-5.09 -17.91 32.01
-4.89 -19.81 32.37
-4.14 -18.13 32.88
-3.20 -18.19 33.70
-3.26 -19.00 34.69
-4.27 -15.06 35.35
-4.30 -15.89 35.68
-4.63 -17.41 35.98
-4.40 -17.35 36.46
-3.94 -18.13 36.95
-2.06 -16.76 37.37
-3.17 -19.11 37.66
-2.51 -20.47 37.94
-2.54 -22.92 38.27
-2.25 -25.19 38.46
-1.54 -28.50 38.30
-1.17 -31.09 37.75
-1.39 -32.82 37.34
-1.94 -33.78 37.28
-2.10 -34.17 37.77
-2.16 -33.85 38.50
-2.64 -33.43 39.21
-3.50 -33.77 39.62
-4.27 -35.16 39.80
-4.39 -37.13 39.72
-4.47 -38.52 39.39
-4.29 -38.84 38.88
-3.13 -39.77 38.20
-2.13 -39.90 37.43
-1.83 -40.13 36.60
-1.86 -41.37 37.25
-4.38 -37.20 38.03
-1.69 -39.81 38.72
-1.81 -40.28 39.49
-1.86 -40.25 40.21
-1.88 -40.46 40.64
-1.35 -39.39 40.77
-1.18 -39.06 40.68
-1.61 -38.63 40.58
-2.80 -38.27 40.43
-3.89 -39.68 40.41
-5.02 -40.20 40.47
-5.84 -40.44 40.78
-7.08 -38.59 40.74
-6.68 -39.87 40.76
-8.22 -40.88 40.72
-8.76 -40.29 40.70
-10.15 -40.63 40.58
-11.31 -40.18 40.56
-12.66 -40.57 40.52
-13.63 -40.17 40.48
-14.57 -40.57 40.45
-15.58 -40.93 40.48
-16.94 -41.12 40.41
-18.04 -41.02 40.35
-19.12 -41.17 40.29
-20.28 -40.90 40.26
-21.01 -40.73 40.27
-21.36 -41.06 40.28
-21.55 -41.53 40.29
-21.84 -41.69 40.30
-22.04 -41.57 40.29
-22.25 -41.68 40.28
-22.31 -41.80 40.28
-22.37 -41.72 40.30
-22.27 -41.80 40.31
-22.12 -41.72 40.32
-22.06 -41.62 40.32
-21.97 -41.71 40.34
-21.80 -41.54 40.35
-21.32 -41.75 40.36
-21.22 -41.90 40.32
-21.00 -41.85 40.21
-20.74 -42.19 40.20
-20.38 -42.11 40.23
-20.21 -42.47 40.31
-19.88 -42.40 40.37
-19.77 -42.56 40.42
-19.64 -42.33 40.44
-19.65 -42.44 40.38
-19.06 -42.40 40.34
-18.77 -42.17 40.32
-18.75 -42.26 40.28
-18.62 -42.33 40.22
-18.45 -42.46 40.20
-18.21 -42.64 40.18
-18.02 -42.62 40.18
-17.82 -42.94 40.19
-17.82 -42.88 40.25
-17.93 -42.95 40.31
-18.14 -42.95 40.39
-18.22 -42.95 40.49
-18.78 -42.48 40.61
-19.07 -42.21 40.72
-19.14 -42.25 40.83
-19.26 -42.25 40.90
-19.93 -42.09 40.91
-19.55 -42.80 4