-10.25 -5.01 0.81
-10.39 -5.27 0.79
-10.62 -5.41 0.78
-10.58 -5.18 0.84
-10.74 -5.16 0.89
-10.86 -4.92 0.93
-11.16 -4.96 0.96
-11.40 -4.57 0.99
-11.87 -4.65 1.02
-11.95 -4.55 1.05
-12.48 -4.61 1.08
-12.23 -4.38 1.09
-11.88 -4.63 1.12
-11.68 -4.48 1.13
-11.22 -4.67 1.14
-10.67 -5.02 1.15
-10.37 -5.02 1.16
-10.20 -5.53 1.17
-9.69 -5.89 1.17
-8.98 -5.80 1.18
-8.25 -5.67 1.19
-7.82 -5.78 1.22
-6.94 -5.28 1.23
-6.42 -4.97 1.24
-6.23 -5.06 1.29
-6.05 -5.05 1.28
-5.82 -5.15 1.30
-5.59 -5.19 1.32
-5.84 -5.25 1.33
-6.46 -5.55 1.34
-6.98 -5.79 1.35
-7.26 -5.86 1.38
-7.23 -5.94 1.39
-7.29 -5.72 1.38
-7.45 -5.87 1.39
-7.69 -6.33 1.40
-7.96 -6.01 1.41
-8.07 -6.23 1.43
-7.98 -6.45 1.43
-8.06 -6.59 1.46
-8.25 -6.49 1.48
-8.43 -6.91 1.49
-8.74 -6.83 1.51
-9.05 -6.97 1.53
-9.35 -7.04 1.56
-9.67 -6.67 1.59
-10.36 -6.66 1.62
-11.03 -6.55 1.63
-11.41 -6.98 1.66
-11.81 -7.02 1.67
-12.40 -7.01 1.67
-12.89 -7.28 1.69
-13.25 -7.36 1.69
-13.69 -7.18 1.70
-14.04 -7.03 1.71
-14.41 -6.93 1.72
-14.60 -6.99 1.74
-14.49 -6.95 1.75
-14.84 -7.07 1.79
-14.89 -6.72 1.85
-14.55 -6.91 1.86
-14.23 -7.01 1.87
-13.77 -6.94 1.91
-13.41 -6.67 1.92
-13.27 -6.78 1.93
-12.90 -6.75 1.93
-12.11 -7.60 1.94
-11.35 -7.34 1.94
-10.39 -7.29 1.94
-9.88 -7.71 1.96
-9.37 -7.63 1.96
-8.53 -7.47 1.97
-7.79 -7.33 1.98
-7.09 -7.32 1.99
-6.67 -7.41 2.03
-6.32 -7.45 2.04
-5.90 -7.91 2.05
-5.77 -8.32 2.07
-5.35 -8.01 2.07
-4.99 -7.95 2.07
-4.71 -7.96 2.07
-4.48 -8.15 2.09
-4.29 -8.18 2.10
-4.15 -8.23 2.11
-4.08 -8.26 2.11
-4.02 -8.11 2.11
-3.87 -8.41 2.13
-3.66 -8.16 2.15
-3.86 -8.53 2.18
-3.75 -8.44 2.20
-4.06 -8.51 2.22
-4.09 -8.65 2.25
-4.12 -8.90 2.25
-4.39 -8.85 2.27
-4.72 -8.60 2.29
-5.02 -9.14 2.31
-5.25 -8.82 2.32
-5.60 -8.91 2.35
-5.77 -8.98 2.37
-6.21 -8.92 2.39
-6.98 -9.12 2.42
-7.50 -9.06 2.44
-8.15 -9.20 2.46
-8.74 -8.90 2.49
-9.51 -9.06 2.52
-10.02 -8.97 2.53
-11.19 -9.43 2.57
-11.45 -9.12 2.58
-12.06 -9.26 2.60
-12.31 -9.53 2.59
-12.59 -9.47 2.62
-13.03 -9.20 2.64
-13.62 -9.02 2.62
-13.96 -9.04 2.62
-13.83 -9.19 2.64
-13.44 -9.90 2.63
-13.57 -8.95 2.65
-13.37 -8.87 2.70
-12.90 -9.12 2.72
-12.20 -9.14 2.74
-11.69 -8.76 2.77
-11.00 -8.99 2.80
-10.90 -8.52 2.81
-10.02 -8.97 2.82
-9.28 -9.42 2.83
-7.82 -9.67 2.84
-6.66 -9.65 2.84
-5.75 -9.60 2.86
-4.79 -9.35 2.87
-4.05 -9.35 2.89
-3.63 -9.38 2.92
-2.83 -9.22 2.93
-2.48 -9.06 2.94
-2.11 -9.16 2.96
-2.00 -9.27 2.96
-2.25 -9.38 2.97
-2.38 -9.36 2.99
-2.88 -9.65 3.01
-3.63 -9.83 3.02
-4.37 -9.74 3.03
-4.61 -9.89 3.05
-4.86 -10.28 3.06
-5.29 -9.98 3.07
-5.82 -9.83 3.09
-6.04 -10.21 3.10
-6.09 -10.14 3.10
-6.45 -10.66 3.11
-6.73 -10.77 3.12
-6.84 -10.71 3.14
-7.39 -10.34 3.17
-7.56 -10.30 3.19
-7.76 -10.01 3.20
-7.86 -10.07 3.22
-8.00 -9.80 3.23
-7.77 -9.99 3.25
-7.68 -10.17 3.27
-7.33 -9.94 3.29
-6.93 -9.93 3.32
-6.70 -9.98 3.32
-6.68 -9.92 3.32
-6.60 -10.25 3.33
-6.12 -10.84 3.35
-5.56 -10.67 3.35
-5.52 -10.81 3.37
-5.23 -10.49 3.38
-5.30 -10.56 3.35
-5.12 -10.31 3.36
-5.40 -10.20 3.39
-5.37 -10.28 3.41
-5.43 -10.29 3.38
-5.61 -10.34 3.40
-5.61 -10.46 3.41
-5.90 -10.75 3.41
-6.04 -11.08 3.47
-6.02 -11.16 3.48
-6.29 -11.29 3.50
-6.60 -11.37 3.47
-6.85 -11.63 3.48
-6.99 -11.73 3.51
-7.22 -11.66 3.51
-7.52 -11.65 3.52
-8.02 -11.35 3.53
-7.57 -11.79 3.53
-8.02 -11.62 3.53
-8.02 -11.77 3.55
-7.59 -11.91 3.55
-7.95 -11.83 3.59
-7.60 -12.01 3.61
-7.84 -11.80 3.63
-7.98 -11.71 3.65
-8.19 -11.76 3.67
-8.29 -11.74 3.70
-8.25 -11.69 3.72
-8.25 -11.76 3.75
-8.17 -11.78 3.77
-8.12 -11.84 3.78
-8.16 -11.76 3.79
-8.12 -11.65 3.80
-7.96 -11.55 3.82
-7.65 -11.90 3.85
-7.26 -12.04 3.87
-6.88 -12.15 3.88
-6.54 -12.25 3.87
-6.39 -12.35 3.88
-6.42 -12.67 3.89
-6.16 -12.55 3.90
-5.86 -12.43 3.93
-5.81 -12.44 3.95
-5.88 -12.36 4.05
-5.67 -12.35 4.05
-5.46 -12.26 4.06
-5.54 -12.62 4.06
-5.61 -12.40 4.09
-5.56 -12.48 4.11
-5.52 -12.58 4.11
-5.80 -12.79 4.13
-6.26 -13.05 4.16
-6.59 -13.16 4.18
-6.84 -13.17 4.20
-7.04 -13.24 4.22
-7.14 -13.28 4.23
-7.42 -13.33 4.26
-7.53 -13.23 4.25
-7.63 -13.17 4.27
-7.76 -13.43 4.29
-7.88 -13.41 4.30
-8.25 -13.32 4.32
-8.52 -13.33 4.33
-8.99 -13.52 4.36
-9.29 -13.51 4.37
-9.65 -13.37 4.37
-9.34 -13.59 4.37
-9.33 -13.54 4.36
-9.14 -13.67 4.36
-9.25 -13.64 4.34
-8.99 -13.79 4.37
-8.80 -13.85 4.41
-8.56 -14.02 4.44
-8.28 -14.04 4.45
-8.16 -14.07 4.46
-7.90 -13.93 4.47
-7.92 -14.12 4.49
-7.70 -14.01 4.50
-7.66 -13.95 4.51
-7.71 -13.96 4.53
-7.76 -13.94 4.54
-7.73 -13.91 4.55
-7.76 -13.88 4.56
-7.89 -13.92 4.58
-7.60 -13.93 4.59
-7.38 -13.99 4.61
-7.43 -14.16 4.62
-7.35 -13.87 4.63
-7.20 -14.29 4.65
-7.08 -14.34 4.66
-6.99 -14.58 4.68
-6.99 -14.69 4.68
-6.90 -14.72 4.70
-6.78 -14.76 4.71
-6.57 -14.69 4.72
-6.47 -14.90 4.74
-6.36 -14.88 4.75
-5.90 -14.86 4.75
-5.61 -14.64 4.77
-5.51 -14.80 4.79
-5.54 -14.87 4.79
-5.44 -15.19 4.81
-5.20 -15.06 4.82
-4.74 -15.47 4.88
-4.47 -15.58 4.87
-4.25 -15.66 4.87
-3.99 -15.72 4.87
-3.50 -15.90 4.87
-3.02 -15.67 4.85
-2.63 -15.64 4.84
-2.34 -15.55 4.85
-2.24 -15.69 4.86
-2.24 -15.78 4.87
-2.24 -15.68 4.87
-2.11 -15.74 4.88
-2.07 -15.85 4.90
-1.90 -15.69 4.92
-1.99 -15.67 4.93
-2.23 -15.70 4.94
-2.29 -15.63 4.95
-2.19 -15.87 4.99
-2.24 -15.82 5.05
-2.19 -16.08 5.10
-2.56 -15.90 5.09
-2.69 -16.22 5.06
-3.05 -15.97 5.09
-3.09 -16.24 5.11
-3.37 -16.13 5.14
-3.79 -16.18 5.17
-4.11 -16.03 5.20
-4.58 -16.02 5.25
-5.14 -15.95 5.29
-5.92 -16.11 5.32
-6.61 -16.20 5.34
-7.09 -16.05 5.39
-7.84 -16.05 5.43
-8.65 -16.07 5.47
-9.93 -13.95 5.50
-9.56 -16.33 5.49
-10.68 -16.40 5.49
-11.80 -15.99 5.48
-12.32 -16.39 5.52
-12.94 -16.04 5.49
-13.78 -16.49 5.45
-14.24 -16.22 5.47
-15.01 -15.70 5.54
-15.38 -15.31 5.56
-15.16 -14.41 5.56
-14.68 -15.39 5.58
-14.18 -15.35 5.59
-13.51 -15.50 5.61
-13.18 -16.04 5.64
-12.64 -15.61 5.74
-12.10 -15.56 5.77
-10.85 -15.43 5.78
-9.19 -15.59 5.81
-7.61 -15.71 5.85
-6.61 -15.93 5.90
-5.36 -15.73 5.95
-4.26 -15.98 5.99
-3.04 -16.06 6.03
-1.77 -15.98 6.07
-0.96 -16.29 6.13
0.23 -15.92 6.24
0.81 -15.98 6.21
1.79 -15.90 6.24
2.93 -15.79 6.25
3.67 -14.09 6.27
3.77 -15.97 6.34
5.78 -15.90 6.37
6.65 -16.03 6.40
7.42 -16.38 6.44
8.36 -16.21 6.47
9.31 -16.31 6.51
9.99 -16.24 6.54
10.49 -16.37 6.56
10.83 -15.62 6.50
11.60 -15.34 6.53
11.37 -16.62 6.54
10.80 -17.16 6.64
11.45 -15.78 6.57
11.83 -16.23 6.53
10.79 -16.74 6.59
10.41 -16.93 6.60
9.67 -17.41 6.57
9.22 -17.19 6.58
8.89 -17.28 6.59
8.66 -17.56 6.63
8.57 -17.14 6.65
8.12 -17.18 6.64
7.52 -17.27 6.63
6.47 -17.31 6.62
5.85 -17.17 6.61
4.66 -17.35 6.63
3.76 -17.60 6.62
3.23 -17.14 6.61
2.72 -16.87 6.60
1.48 -17.02 6.57
0.15 -16.94 6.55
-1.16 -17.00 6.52
-1.81 -16.50 6.47
-3.82 -16.98 6.42
-5.75 -17.40 6.38
-7.74 -17.23 6.29
-9.15 -17.33 6.24
-11.24 -16.95 6.28
-12.48 -16.63 6.25
-14.73 -17.56 6.24
-16.13 -17.15 6.21
-17.03 -17.02 6.21
-17.53 -17.23 6.21
-17.74 -17.75 6.19
-17.30 -18.17 6.03
-17.26 -18.43 5.90
-17.16 -18.62 5.90
-17.00 -18.51 6.03
-17.23 -17.93 6.23
-17.59 -17.94 6.24
-17.08 -18.07 6.28
-17.20 -18.19 6.30
-17.22 -18.36 6.31
-17.27 -18.30 6.33
-17.23 -18.33 6.34
-17.30 -17.80 6.35
-17.22 -18.55 6.36
-17.12 -18.56 6.39
-17.25 -18.55 6.39
-17.18 -18.57 6.41
-17.15 -18.64 6.43
-17.13 -18.65 6.44
-17.12 -18.70 6.45
-17.10 -18.75 6.47
-17.10 -18.76 6.48
-17.08 -18.81 6.50
-17.09 -18.84 6.51
-18.07 -16.48 6.45
-17.44 -17.93 6.50
-18.88 -17.78 6.48
-19.99 -18.23 6.47
-20.02 -18.61 6.48
-20.33 -18.76 6.49
-20.45 -18.96 6.51
-20.46 -18.85 6.52
-20.47 -18.26 6.53
-19.99 -18.01 6.56
-19.33 -18.31 6.60
-18.57 -18.37 6.64
-17.50 -18.27 6.67
-15.89 -18.28 6.74
-14.17 -18.23 6.80
-11.65 -17.89 6.91
-9.86 -17.20 7.03
-7.96 -18.80 7.07
-6.69 -18.96 7.12
-5.44 -18.70 7.17
-3.70 -18.77 7.24
-2.28 -18.84 7.29
-0.99 -18.79 7.35
0.43 -18.67 7.40
1.77 -19.03 7.45
3.02 -18.87 7.51
4.06 -18.72 7.59
4.85 -18.95 7.64
5.84 -19.29 7.68
6.66 -19.23 7.72
7.51 -18.90 7.75
8.18 -18.95 7.77
8.70 -19.04 7.80
9.35 -19.22 7.83
9.81 -19.08 7.86
9.91 -19.31 7.88
9.74 -19.72 7.89
9.81 -19.82 7.91
9.81 -19.73 7.92
9.94 -19.61 7.94
9.97 -19.73 7.95
9.47 -19.59 7.95
8.87 -19.89 7.94
8.56 -19.95 7.94
7.69 -19.79 7.93
6.59 -19.98 7.90
5.42 -20.03 7.85
4.64 -20.03 7.80
3.81 -19.75 7.62
2.57 -19.73 7.30
0.60 -19.95 7.02
-0.53 -20.25 6.82
-2.10 -20.00 6.67
-2.79 -19.35 6.49
-4.67 -19.70 6.43
-5.45 -20.40 6.51
-6.17 -20.85 6.53
-6.86 -20.08 6.66
-7.20 -20.44 6.87
-7.54 -20.61 6.96
-8.48 -20.44 7.09
-8.99 -20.67 7.30
-8.88 -20.87 7.31
-8.08 -20.80 7.34
-7.51 -21.15 7.37
-7.75 -20.38 7.40
-7.25 -21.65 7.43
-6.54 -21.61 7.47
-5.34 -21.74 7.51
-4.51 -21.65 7.55
-3.46 -21.57 7.59
-2.69 -21.84 7.64
-1.77 -21.82 7.68
-0.88 -21.84 7.72
0.49 -21.29 7.76
0.67 -21.55 7.79
0.90 -21.57 7.82
1.30 -22.47 7.87
2.13 -22.30 7.91
2.87 -21.45 7.95
3.11 -22.20 8.00
3.59 -22.30 8.03
4.11 -22.11 8.05
4.32 -22.29 8.08
4.43 -22.62 8.12
4.96 -22.54 8.14
5.33 -22.58 8.16
5.70 -22.37 8.19
6.01 -22.61 8.21
6.18 -22.62 8.23
6.21 -22.70 8.25
6.38 -22.48 8.24
6.80 -21.80 8.26
5.84 -22.23 8.26
5.70 -22.40 8.26
5.44 -22.32 8.25
5.34 -22.36 8.26
5.43 -22.03 8.26
5.21 -21.83 8.25
5.05 -21.86 8.24
4.94 -22.20 8.30
4.49 -22.35 8.31
3.97 -22.46 8.29
3.72 -23.36 8.31
3.25 -22.81 8.29
2.70 -23.17 8.29
1.67 -23.15 8.28
1.12 -23.33 8.26
0.23 -23.25 8.25
-1.21 -22.97 8.23
-2.00 -22.83 8.20
-2.23 -22.61 8.18
-2.63 -22.59 8.17
-2.83 -22.49 8.18
-3.71 -22.70 8.20
-4.41 -22.84 8.21
-4.15 -22.86 8.23
-3.99 -22.89 8.25
-3.88 -22.87 8.25
-4.05 -22.78 8.26
-4.12 -23.23 8.28
-4.17 -23.77 8.29
-4.30 -23.91 8.30
-4.61 -23.98 8.31
-4.93 -23.56 8.31
-5.07 -23.86 8.31
-4.83 -23.00 8.37
-4.75 -23.80 8.41
-5.15 -23.93 8.44
-5.61 -23.52 8.44
-6.21 -23.38 8.42
-6.58 -23.13 8.42
-6.81 -23.26 8.43
-6.79 -23.46 8.44
-6.81 -24.17 8.44
-6.94 -24.25 8.45
-7.21 -24.10 8.46
-7.32 -23.95 8.48
-7.17 -23.98 8.51
-7.25 -23.75 8.53
-6.80 -23.98 8.54
-6.48 -24.12 8.55
-6.19 -24.11 8.55
-5.74 -24.15 8.56
-5.03 -24.31 8.58
-4.18 -24.27 8.62
-3.10 -24.85 8.66
-1.89 -24.84 8.70
-0.96 -24.74 8.73
-0.91 -24.45 8.75
0.01 -24.06 8.77
-0.01 -23.72 8.79
-0.02 -23.80 8.80
-0.49 -24.91 8.82
-0.15 -24.51 8.84
0.00 -24.09 8.85
-0.26 -24.39 8.87
-0.68 -24.10 8.85
-1.30 -24.83 8.86
-1.84 -25.26 8.85
-2.13 -25.42 8.85
-2.50 -25.36 8.85
-2.97 -25.31 8.85
-3.53 -25.17 8.85
-3.93 -25.15 8.86
-4.49 -25.44 8.85
-4.91 -25.24 8.87
-5.47 -25.51 8.92
-6.14 -25.27 8.94
-6.50 -25.53 8.99
-7.20 -25.04 8.98
-7.40 -25.66 8.99
-8.15 -25.47 9.00
-8.43 -25.24 9.00
-8.72 -25.13 9.01
-8.97 -25.06 9.02
-9.01 -25.04 9.03
-8.96 -25.23 9.05
-9.08 -25.42 9.06
-9.06 -25.49 9.07
-8.78 -25.81 9.11
-8.56 -25.54 9.12
-8.18 -25.66 9.15
-7.56 -26.09 9.15
-6.93 -26.27 9.16
-6.42 -26.31 9.18
-5.66 -26.15 9.21
-4.89 -25.95 9.24
-3.69 -26.47 9.28
-2.46 -25.96 9.33
-1.67 -26.30 9.37
-1.19 -26.29 9.38
-0.79 -25.97 9.40
-0.55 -25.62 9.40
-0.69 -25.86 9.41
-1.12 -26.14 9.42
-0.99 -26.52 9.44
-0.86 -26.48 9.44
-0.91 -26.55 9.45
-0.81 -26.74 9.46
-0.99 -26.74 9.48
-0.75 -26.90 9.51
-0.87 -26.78 9.52
-0.75 -26.67 9.53
-0.58 -26.36 9.54
-0.30 -26.43 9.56
-0.71 -26.81 9.57
-1.17 -26.70 9.57
-1.01 -26.99 9.57
-0.93 -27.16 9.59
-0.89 -27.25 9.58
-0.89 -27.04 9.59
-0.99 -27.24 9.61
-0.95 -27.34 9.63
-1.19 -27.46 9.64
-1.42 -27.38 9.66
-1.49 -27.57 9.67
-1.79 -27.54 9.67
-2.12 -27.48 9.67
-2.40 -27.50 9.69
-2.52 -27.61 9.71
-2.39 -27.76 9.71
-2.59 -27.79 9.72
-3.05 -27.83 9.72
-3.25 -27.52 9.72
-3.73 -27.28 9.70
-3.90 -26.92 9.72
-4.02 -26.51 9.73
-3.77 -26.59 9.75
-3.52 -26.88 9.77
-3.22 -27.02 9.79
-3.11 -27.21 9.81
-2.98 -27.31 9.83
-2.59 -26.95 9.86
-2.39 -27.44 9.90
-1.73 -27.89 9.95
-1.22 -28.21 9.98
-0.43 -28.19 9.97
0.47 -28.24 9.99
0.57 -27.94 10.01
1.62 -28.00 10.04
1.41 -27.86 10.07
1.72 -27.40 10.08
1.75 -27.50 10.10
1.48 -27.45 10.11
1.33 -27.85 10.12
1.64 -28.19 10.13
1.76 -27.93 10.15
1.81 -28.01 10.16
1.66 -28.01 10.16
1.53 -28.08 10.18
1.29 -28.63 10.20
1.20 -28.90 10.22
0.91 -28.79 10.23
0.96 -28.70 10.24
0.72 -28.53 10.25
0.57 -28.33 10.27
0.48 -28.45 10.29
0.42 -28.41 10.30
0.30 -28.33 10.31
0.03 -28.58 10.32
-0.04 -28.22 10.33
0.29 -28.48 10.34
0.33 -28.90 10.34
0.62 -29.00 10.36
0.76 -29.19 10.38
0.96 -29.35 10.40
1.24 -29.40 10.43
1.49 -29.26 10.44
1.61 -28.97 10.46
1.72 -28.71 10.48
1.82 -28.59 10.49
1.96 -28.83 10.50
1.69 -29.11 10.52
2.00 -28.85 10.53
1.97 -28.89 10.55
1.62 -28.97 10.55
1.34 -29.53 10.57
1.06 -29.91 10.57
0.98 -29.91 10.58
0.71 -29.98 10.59
0.37 -29.82 10.61
0.22 -30.05 10.61
-0.16 -29.58 10.61
-0.52 -29.15 10.62
-0.76 -28.98 10.63
-0.58 -28.93 10.64
-0.75 -29.45 10.65
-0.67 -29.71 10.67
-0.69 -29.62 10.68
-0.38 -29.70 10.70
-0.22 -29.96 10.72
0.28 -30.43 10.75
0.52 -30.48 10.77
0.72 -30.56 10.79
0.89 -30.32 10.81
1.16 -30.44 10.83
1.39 -30.45 10.84
1.52 -30.53 10.86
1.52 -30.44 10.87
1.60 -30.42 10.88
1.72 -30.43 10.89
1.74 -30.57 10.91
1.78 -30.62 10.93
1.81 -30.69 10.94
1.79 -30.89 10.96
1.80 -30.93 10.97
1.81 -31.02 10.98
1.82 -31.04 11.00
1.83 -31.05 11.01
2.06 -30.64 11.03
2.20 -30.17 11.05
2.24 -30.41 11.06
2.08 -30.68 11.07
1.81 -31.13 11.09
1.81 -31.02 11.10
1.71 -31.08 11.11
1.76 -31.14 11.12
1.81 -31.14 11.14
1.63 -30.93 11.16
1.45 -30.95 11.18
1.34 -30.74 11.19
1.46 -30.67 11.21
1.62 -31.63 11.22
1.51 -31.19 11.23
1.46 -31.12 11.24
1.50 -31.13 11.26
1.64 -31.35 11.26
1.85 -31.78 11.28
1.97 -31.83 11.29
2.09 -31.70 11.30
2.15 -31.60 11.31
2.12 -31.68 11.33
2.20 -31.64 11.34
2.15 -31.72 11.35
2.15 -32.04 11.37
2.16 -32.07 11.38
2.18 -32.08 11.40
2.19 -32.14 11.41
2.20 -32.17 11.43
2.22 -32.20 11.44
2.24 -32.22 11.45
2.25 -32.29 11.47
2.27 -32.32 11.48
2.28 -32.36 11.49
2.29 -32.39 11.51
2.30 -32.43 11.52
2.33 -32.46 11.53
2.34 -32.51 11.55
2.36 -32.53 11.56
2.37 -32.58 11.57
2.38 -32.61 11.59
2.41 -32.65 11.60
2.43 -32.68 11.62
2.43 -32.73 11.63
2.45 -32.77 11.64
2.47 -32.80 11.66
2.47 -32.84 11.67
2.49 -32.87 11.68
2.50 -32.90 11.70
2.53 -32.93 11.71
2.53 -32.98 11.72
2.56 -33.03 11.74
2.55 -33.05 11.75
2.58 -33.09 11.76
2.59 -33.10 11.78
2.61 -33.15 11.79
2.62 -33.20 11.80
2.64 -33.23 11.82
2.66 -33.27 11.83
2.68 -33.28 11.85
2.70 -33.34 11.86
2.68 -33.38 11.87
2.72 -33.41 11.89
2.72 -33.45 11.90
2.75 -33.48 11.91
2.77 -33.51 11.93
2.78 -33.55 11.94
2.79 -33.59 11.95
2.81 -33.62 11.97
2.83 -33.67 11.98
2.83 -33.69 11.99
2.85 -33.74 12.01
2.87 -33.77 12.02
2.89 -33.82 12.04
2.90 -33.85 12.05
2.87 -