-1.27 -5.38 1.02
-1.33 -5.32 1.03
-1.50 -5.51 1.03
-1.55 -5.50 1.04
-1.42 -5.87 1.06
-1.50 -5.67 1.07
-1.16 -5.71 1.08
-1.25 -5.57 1.09
-1.48 -5.58 1.10
-1.46 -5.43 1.11
-1.29 -5.53 1.12
-1.34 -5.52 1.12
-1.24 -5.79 1.12
-1.08 -5.92 1.15
-1.22 -5.60 1.16
-0.97 -6.00 1.15
-1.16 -6.12 1.17
-1.39 -5.88 1.16
-0.91 -5.92 1.17
-1.19 -5.94 1.17
-0.70 -6.23 1.20
-0.17 -5.96 1.22
0.32 -5.84 1.25
0.19 -5.77 1.26
-0.61 -6.06 1.25
-1.23 -6.46 1.25
-1.00 -6.02 1.25
-1.09 -5.70 1.25
-1.17 -4.95 1.25
-1.23 -5.45 1.26
-1.65 -5.98 1.24
-1.77 -5.96 1.25
-1.75 -6.00 1.27
-1.48 -6.33 1.28
-1.37 -6.57 1.30
-1.15 -6.54 1.32
-0.70 -6.20 1.33
-0.76 -6.78 1.35
-1.04 -7.01 1.36
-1.38 -6.74 1.36
-1.45 -6.66 1.38
-1.30 -6.76 1.40
-1.17 -7.10 1.41
-1.30 -7.02 1.42
-1.44 -6.92 1.44
-1.37 -7.06 1.46
-1.48 -6.76 1.47
-1.62 -6.76 1.48
-1.82 -6.82 1.50
-1.68 -7.00 1.52
-1.57 -7.31 1.54
-1.77 -7.20 1.56
-1.54 -7.50 1.57
-1.72 -7.46 1.56
-1.89 -7.56 1.58
-2.00 -7.65 1.59
-2.14 -7.58 1.63
-2.29 -7.62 1.63
-1.55 -8.02 1.63
-1.10 -8.02 1.63
-0.72 -8.15 1.67
-0.62 -8.25 1.69
-0.60 -8.27 1.70
-0.30 -7.99 1.71
-0.11 -8.03 1.69
0.29 -7.90 1.68
0.31 -7.49 1.73
0.28 -8.04 1.72
0.48 -7.75 1.74
0.56 -7.56 1.74
1.02 -7.34 1.76
1.04 -7.06 1.85
0.23 -7.23 1.83
0.13 -7.79 1.84
-0.00 -7.67 1.84
0.00 -7.92 1.83
-0.43 -7.91 1.83
-0.76 -7.24 1.83
-0.82 -6.68 1.84
-0.74 -7.40 1.84
-0.97 -7.96 1.85
-0.75 -7.76 1.85
-0.37 -7.78 1.87
-0.24 -7.75 1.89
0.02 -8.38 1.93
0.02 -8.14 1.95
0.36 -8.30 1.98
0.57 -8.22 2.00
0.80 -8.54 2.02
0.67 -8.42 2.02
0.36 -8.29 2.03
0.67 -8.50 2.04
1.10 -8.43 2.05
0.42 -8.57 2.07
0.14 -8.47 2.08
-0.17 -8.53 2.09
-0.40 -8.71 2.10
-0.56 -8.90 2.11
-0.96 -8.93 2.12
-1.31 -9.01 2.14
-1.90 -8.95 2.17
-1.83 -9.46 2.19
-1.80 -9.80 2.23
-2.01 -10.03 2.28
-2.13 -10.18 2.30
-2.43 -10.55 2.33
-2.70 -10.75 2.36
-2.66 -10.28 2.38
-3.26 -10.03 2.41
-3.32 -9.23 2.38
-2.50 -9.38 2.38
-1.74 -8.95 2.41
-1.23 -8.86 2.37
-1.08 -9.03 2.39
-1.26 -9.36 2.41
-0.91 -9.30 2.43
-0.50 -9.16 2.45
-0.60 -9.39 2.46
-0.54 -9.30 2.48
-0.43 -9.49 2.49
-0.46 -9.68 2.51
-0.54 -9.63 2.52
-0.40 -9.82 2.54
-0.28 -9.76 2.55
-0.33 -9.85 2.57
-0.33 -9.87 2.58
-0.31 -9.88 2.59
-0.30 -9.93 2.61
-0.28 -9.98 2.62
-0.12 -9.50 2.63
0.41 -8.98 2.65
1.39 -8.51 2.67
2.31 -7.67 2.75
2.57 -8.60 2.81
1.67 -8.92 2.84
2.44 -8.37 2.85
2.57 -7.51 2.84
2.07 -8.25 2.85
2.55 -9.35 2.86
2.33 -8.88 2.87
1.94 -9.05 2.86
0.92 -9.41 2.85
0.14 -10.02 2.84
-0.34 -9.94 2.83
-0.98 -9.48 2.83
-1.22 -10.03 2.83
-1.58 -10.64 2.85
-1.66 -10.86 2.83
-2.33 -10.01 2.90
-2.94 -9.76 2.87
-2.99 -9.90 2.86
-2.86 -10.48 2.87
-3.10 -10.53 2.88
-3.01 -10.49 2.89
-2.96 -10.77 2.90
-2.90 -10.65 2.92
-2.88 -10.69 2.93
-2.97 -10.65 2.95
-2.40 -9.52 2.99
-1.33 -8.78 3.05
0.05 -8.59 3.15
0.68 -9.13 3.25
3.53 -7.59 3.54
3.88 -7.34 3.60
3.22 -7.62 3.59
3.01 -9.95 3.61
3.42 -11.03 3.60
2.82 -11.03 3.60
1.79 -10.36 3.59
0.89 -10.33 3.57
0.23 -10.82 3.56
-1.12 -11.21 3.54
-3.24 -11.92 3.60
-4.82 -10.74 3.64
-4.95 -10.71 3.62
-4.12 -11.67 3.62
-4.25 -11.84 3.64
-4.35 -11.85 3.65
-4.45 -11.59 3.67
-4.40 -11.63 3.69
-4.38 -11.66 3.70
-4.36 -11.69 3.72
-4.35 -11.74 3.73
-4.34 -11.81 3.75
-4.32 -11.80 3.76
-4.31 -11.83 3.78
-4.29 -11.84 3.80
-4.28 -11.86 3.81
-4.27 -11.90 3.83
-4.23 -11.94 3.84
-4.24 -11.97 3.86
-4.17 -12.08 3.87
-4.15 -12.06 3.87
-4.13 -12.11 3.88
-4.07 -12.26 3.89
-4.08 -12.28 3.90
-4.12 -12.36 3.91
-4.10 -12.42 3.92
-4.11 -12.40 3.94
-4.09 -12.34 3.97
-4.02 -11.90 4.00
-3.33 -11.27 4.05
-1.41 -10.50 4.13
-0.00 -10.02 4.25
2.25 -9.38 4.28
3.59 -8.98 4.31
2.29 -11.88 4.38
1.49 -10.91 4.35
1.17 -11.17 4.34
-0.37 -12.66 4.38
-2.12 -11.45 4.45
-2.50 -11.08 4.42
-1.27 -11.85 4.44
-1.21 -10.84 4.45
0.95 -10.51 4.54
1.85 -10.20 4.63
3.88 -10.23 4.68
5.34 -9.86 4.69
3.07 -10.87 4.68
3.28 -11.02 4.67
2.03 -10.79 4.65
1.08 -12.41 4.65
-1.20 -11.98 4.71
-2.16 -11.20 4.72
-1.42 -13.12 4.73
-1.89 -13.03 4.75
-3.41 -11.85 4.75
-2.53 -12.99 4.76
-2.55 -12.95 4.77
-2.55 -13.10 4.78
-2.89 -12.87 4.80
-2.72 -13.11 4.81
-2.75 -13.07 4.83
-2.77 -13.15 4.85
-2.63 -12.95 4.86
-2.42 -13.00 4.88
-1.84 -12.47 4.90
-0.41 -11.22 4.99
2.23 -10.48 5.10
2.92 -11.15 5.17
5.53 -10.25 5.20
4.71 -12.89 5.21
3.97 -12.62 5.21
3.93 -11.53 5.21
3.65 -11.77 5.19
1.98 -13.15 5.18
0.96 -12.62 5.23
-0.42 -11.32 5.22
0.95 -12.31 5.18
0.56 -11.88 5.21
1.91 -12.14 5.27
3.52 -12.26 5.33
5.14 -11.98 5.38
5.78 -11.10 5.38
4.80 -13.38 5.40
4.94 -12.18 5.40
4.70 -12.19 5.40
3.58 -13.58 5.39
1.23 -13.79 5.44
-0.26 -12.61 5.46
-0.78 -12.60 5.47
-1.37 -12.71 5.49
-0.25 -14.00 5.50
-0.57 -14.00 5.51
-0.51 -14.12 5.52
-0.45 -14.23 5.53
-0.46 -14.19 5.55
-0.65 -14.18 5.56
-0.78 -14.30 5.56
-0.90 -14.32 5.58
-1.01 -14.38 5.59
-1.02 -14.42 5.60
-1.07 -14.43 5.61
-1.19 -14.27 5.63
-1.15 -14.50 5.63
-0.63 -14.28 5.66
0.32 -12.26 5.72
2.56 -12.38 5.80
4.20 -13.91 5.88
5.36 -12.78 5.92
6.47 -12.11 5.94
5.11 -12.70 5.94
5.01 -12.68 5.92
4.30 -13.67 5.91
2.57 -14.45 5.90
0.56 -12.35 5.89
1.75 -12.82 5.90
2.37 -12.29 5.94
2.85 -12.31 5.99
4.21 -13.01 6.05
5.96 -12.34 6.09
7.01 -11.53 6.09
6.02 -13.14 6.11
6.02 -13.02 6.11
4.70 -14.00 6.10
3.35 -14.29 6.07
2.09 -13.71 6.05
0.42 -12.98 6.03
0.27 -13.15 6.02
0.19 -14.60 6.02
-0.05 -14.87 6.01
-0.52 -14.65 6.02
-0.01 -14.21 6.03
0.25 -13.35 6.07
1.84 -12.87 6.15
3.16 -13.88 6.22
5.15 -12.92 6.25
5.94 -12.76 6.27
4.82 -13.00 6.26
4.17 -13.76 6.24
2.95 -14.31 6.23
1.12 -15.35 6.21
-0.43 -14.06 6.20
-1.04 -12.89 6.21
0.73 -14.02 6.24
0.85 -13.12 6.27
2.57 -13.11 6.34
4.12 -14.15 6.40
5.64 -13.83 6.44
7.33 -12.91 6.46
5.63 -14.08 6.47
6.14 -14.40 6.47
5.11 -14.86 6.46
4.38 -14.64 6.44
2.75 -14.90 6.45
0.50 -16.17 6.44
-1.39 -13.99 6.45
-1.60 -13.99 6.48
0.06 -15.62 6.49
-0.69 -15.91 6.51
-0.71 -15.95 6.52
-0.50 -16.11 6.53
-0.49 -16.15 6.54
-0.46 -16.18 6.55
-1.07 -15.39 6.57
-0.45 -16.28 6.58
-0.43 -16.28 6.60
-0.49 -16.35 6.61
-0.67 -16.08 6.62
-0.52 -16.41 6.63
-0.25 -15.76 6.66
0.14 -14.55 6.70
2.17 -14.16 6.77
3.46 -14.10 6.85
5.55 -14.55 6.91
6.94 -13.90 6.96
7.34 -14.46 6.97
6.16 -14.32 6.97
5.03 -15.10 6.95
3.54 -16.44 6.93
1.54 -17.02 6.94
-0.70 -14.55 6.95
0.11 -15.84 6.96
0.51 -15.25 6.99
1.29 -14.87 7.03
3.78 -15.59 7.12
4.56 -14.77 7.20
7.25 -14.29 7.22
8.06 -14.32 7.24
6.55 -15.09 7.25
7.09 -15.75 7.25
6.38 -16.01 7.24
4.44 -16.81 7.21
2.81 -16.70 7.21
1.79 -16.36 7.21
1.15 -15.34 7.21
2.34 -17.50 7.22
2.24 -17.64 7.24
2.27 -17.51 7.25
2.28 -17.49 7.27
2.29 -17.57 7.28
2.29 -17.58 7.29
2.44 -17.18 7.31
2.44 -17.63 7.32
2.31 -17.46 7.33
2.38 -17.77 7.34
2.38 -17.71 7.36
2.41 -17.77 7.37
2.41 -17.80 7.39
2.43 -17.80 7.40
2.80 -17.70 7.42
2.62 -17.06 7.44
2.91 -17.47 7.46
3.23 -17.50 7.48
3.77 -17.99 7.50
4.26 -18.00 7.53
4.53 -17.96 7.55
4.87 -17.68 7.56
4.82 -18.08 7.58
4.87 -18.21 7.60
4.94 -18.22 7.61
4.92 -18.22 7.63
4.94 -18.24 7.64
4.91 -18.25 7.65
4.88 -18.31 7.66
4.43 -18.29 7.67
3.97 -18.19 7.67
3.69 -17.34 7.66
2.83 -17.12 7.64
1.36 -17.39 7.64
-1.80 -18.92 7.70
-3.79 -17.19 7.74
-3.36 -18.37 7.76
-3.06 -19.25 7.79
-3.39 -19.25 7.81
-3.96 -18.98 7.84
-4.19 -18.70 7.86
-3.68 -19.34 7.88
-3.68 -19.00 7.89
-3.84 -19.34 7.91
-4.08 -19.41 7.93
-4.09 -19.38 7.95
-4.16 -19.50 7.96
-4.18 -19.52 7.98
-4.34 -19.41 8.00
-4.21 -19.49 8.02
-4.26 -19.57 8.03
-4.43 -19.43 8.05
-4.30 -19.48 8.06
-4.36 -19.42 8.08
-4.30 -19.48 8.09
-4.28 -19.46 8.11
-4.26 -19.43 8.12
-4.46 -19.23 8.13
-4.32 -19.52 8.14
-4.31 -19.46 8.16
-4.32 -19.50 8.18
-4.30 -19.54 8.19
-4.27 -19.57 8.21
-4.27 -19.60 8.22
-4.26 -19.62 8.24
-4.33 -19.48 8.24
-4.27 -19.49 8.25
-4.47 -19.43 8.26
-4.66 -19.15 8.26
-4.89 -19.12 8.27
-4.88 -19.35 8.29
-5.35 -19.24 8.29
-5.84 -19.59 8.28
-5.50 -18.70 8.30
-6.29 -19.52 8.31
-6.87 -18.83 8.33
-6.74 -18.66 8.35
-5.79 -18.88 8.33
-6.03 -18.62 8.36
-5.30 -19.38 8.40
-4.16 -19.08 8.44
-2.35 -19.17 8.49
-1.17 -18.75 8.52
-0.91 -19.22 8.56
-0.95 -19.67 8.59
-1.13 -19.88 8.61
-1.72 -20.35 8.63
-1.61 -20.35 8.65
-1.72 -20.42 8.66
-1.27 -19.69 8.66
-1.39 -19.87 8.65
-1.82 -19.79 8.64
-2.62 -19.55 8.62
-3.79 -19.82 8.60
-5.41 -20.20 8.58
-7.34 -20.50 8.56
-8.92 -19.72 8.53
-9.38 -19.92 8.52
-9.51 -20.17 8.51
-9.86 -20.05 8.52
-9.67 -20.29 8.53
-9.10 -20.89 8.55
-8.66 -21.12 8.57
-8.80 -21.08 8.58
-8.64 -20.99 8.59
-8.61 -21.10 8.61
-8.51 -21.08 8.62
-8.49 -21.12 8.64
-8.77 -21.22 8.65
-8.72 -21.33 8.67
-8.83 -21.38 8.68
-8.94 -21.41 8.70
-9.11 -21.28 8.72
-9.28 -21.17 8.74
-9.38 -21.11 8.75
-9.03 -21.30 8.77
-9.62 -20.36 8.79
-9.32 -20.13 8.81
-8.39 -20.45 8.83
-7.38 -20.93 8.86
-6.00 -21.31 8.93
-4.22 -21.38 9.00
-2.44 -20.99 9.06
-0.46 -20.18 9.11
0.37 -19.64 9.13
-1.03 -20.74 9.13
-1.94 -20.89 9.12
-2.70 -21.15 9.11
-3.80 -21.50 9.08
-4.76 -21.80 9.07
-5.70 -22.00 9.04
-6.84 -22.07 9.01
-7.93 -21.68 9.01
-8.62 -21.35 9.02
-9.05 -21.33 9.03
-8.90 -21.75 9.03
-8.68 -22.11 9.06
-8.65 -22.23 9.08
-8.75 -22.21 9.09
-8.76 -22.23 9.10
-8.69 -22.29 9.11
-8.27 -22.54 9.13
-8.29 -22.58 9.14
-8.48 -22.57 9.15
-8.83 -22.30 9.17
-8.51 -22.52 9.18
-9.73 -21.14 9.19
-9.73 -20.80 9.21
-8.57 -20.96 9.21
-8.00 -21.79 9.24
-4.83 -21.32 9.32
-2.79 -21.67 9.39
-2.24 -22.02 9.44
-1.58 -21.29 9.47
-1.87 -21.45 9.48
-2.55 -21.69 9.48
-3.23 -21.78 9.48
-4.34 -22.48 9.49
-5.43 -22.83 9.47
-6.11 -23.21 9.47
-6.29 -23.19 9.46
-7.07 -23.43 9.44
-7.66 -23.25 9.43
-8.32 -23.10 9.43
-8.65 -23.00 9.44
-8.81 -23.11 9.46
-8.92 -23.13 9.47
-8.99 -23.22 9.47
-9.01 -23.33 9.48
-8.90 -23.56 9.49
-8.88 -23.54 9.51
-8.86 -23.57 9.54
-8.76 -23.72 9.55
-8.39 -23.29 9.55
-8.85 -23.75 9.57
-8.51 -23.78 9.58
-8.69 -23.84 9.58
-8.95 -23.90 9.60
-9.10 -23.93 9.61
-9.36 -23.78 9.62
-9.43 -23.81 9.63
-9.40 -24.01 9.64
-9.31 -24.10 9.65
-9.33 -24.15 9.67
-9.23 -24.23 9.68
-9.32 -24.25 9.70
-9.29 -24.34 9.71
-9.33 -24.32 9.72
-9.33 -24.36 9.74
-9.38 -24.39 9.75
-9.37 -24.36 9.76
-9.84 -24.42 9.77
-10.20 -24.23 9.78
-10.47 -24.06 9.79
-12.17 -22.48 9.80
-12.66 -22.02 9.82
-11.04 -22.61 9.83
-7.73 -24.52 9.88
-5.81 -23.41 9.93
-4.95 -23.21 9.97
-4.52 -23.18 10.00
-4.30 -23.38 10.04
-4.31 -23.47 10.08
-4.63 -23.48 10.08
-4.93 -23.67 10.08
-5.59 -23.94 10.08
-6.38 -24.24 10.08
-6.70 -23.87 10.07
-8.63 -25.14 10.06
-10.00 -24.88 10.06
-10.64 -24.98 10.06
-10.97 -25.08 10.05
-11.52 -24.84 10.05
-11.82 -24.89 10.05
-12.06 -24.99 10.07
-11.98 -25.17 10.11
-11.80 -25.39 10.14
-11.53 -25.60 10.17
-11.42 -25.71 10.19
-11.28 -25.84 10.20
-11.04 -25.88 10.22
-11.05 -25.89 10.23
-11.03 -25.94 10.24
-11.12 -26.00 10.25
-11.11 -26.08 10.26
-10.99 -26.12 10.28
-10.99 -26.15 10.30
-11.04 -26.08 10.31
-11.14 -25.88 10.32
-11.01 -25.89 10.34
-10.89 -25.87 10.36
-10.52 -26.13 10.38
-10.48 -26.04 10.40
-10.53 -25.88 10.42
-10.57 -25.64 10.44
-10.40 -25.49 10.48
-9.80 -25.73 10.51
-9.45 -25.48 10.56
-9.05 -24.84 10.61
-7.96 -24.95 10.64
-6.48 -24.95 10.70
-3.97 -25.62 10.78
-1.37 -25.47 10.94
1.46 -25.52 11.11
3.94 -25.20 11.31
5.87 -24.66 11.40
6.88 -24.33 11.12
6.24 -25.72 11.14
5.49 -26.95 11.16
6.19 -27.03 11.18
6.92 -26.62 11.24
7.32 -26.78 11.27
7.56 -26.80 11.30
7.63 -26.97 11.32
7.68 -26.82 11.34
7.79 -26.59 11.37
8.18 -27.01 11.39
8.41 -27.01 11.41
8.63 -27.13 11.43
8.89 -27.06 11.44
8.96 -27.35 11.46
9.13 -27.28 11.48
9.28 -27.30 11.50
9.31 -27.29 11.52
9.16 -27.32 11.53
8.70 -27.51 11.54
8.43 -27.47 11.55
8.03 -27.02 11.59
8.49 -27.28 11.59
7.92 -27.22 11.58
8.17 -27.62 11.58
8.17 -27.68 11.59
8.09 -27.51 11.60
8.04 -27.73 11.61
8.02 -27.78 11.62
7.97 -27.79 11.64
8.18 -27.88 11.65
8.30 -27.77 11.68
8.09 -27.85 11.80
8.11 -27.75 12.07
8.19 -27.24 12.43
8.18 -26.37 12.79
8.63 -26.18 12.97
9.21 -26.08 12.97
10.15 -25.60 13.17
10.59 -24.90 13.62
10.81 -24.66 14.15
11.10 -23.77 14.68
10.91 -24.24 15.23
10.94 -23.73 15.61
10.96 -23.76 15.95
11.54 -24.20 16.18
11.97 -24.72 16.32
12.20 -24.58 16.41
11.62 -24.55 16.45
10.76 -24.50 16.43
11.40 -25.62 16.48
11.00 -26.90 16.69
10.42 -27.17 16.75
10.20 -27.86 16.53
10.35 -28.48 16.13
10.55 -28.86 15.59
10.51 -29.08 15.12
10.29 -28.04 13.29
11.93 -27.84 14.24
10.94 -29.54 14.38
10.09 -29.17 14.30
10.78 -29.63 14.38
10.86 -29.61 14.36
10.68 -29.73 14.37
10.73 -29.71 14.38
10.79 -29.85 14.40
10.79 -29.86 14.41
10.88 -30.02 14.44
10.81 -30.07 14.49
10.93 -30.19 14.65
10.68 -29.79 14.82
10.64 -29.77 14.93
10.53 -29.54 15.08
10.70 -29.28 15.14
11.11 -29.17 15.18
10.80 -28.87 15.44
10.86 -28.85 15.66
11.09 -28.95 15.73
11.30 -28.96 15.74
11.51 -28.89 15.79
11.54 -29.08 15.86
11.75 -29.17 15.98
12.16 -28.15 15.66
12.25 -28.67 15.41
12.13 -28.17 15.20
12.18 -28.05 15.04
12.14 -28.24 15.01
12.06 -28.52 15.08
12.01 -28.92 15.21
11.69 -29.45 15.34
11.73 -29.58 15.41
11.85 -29.62 15.38
11.87 -29.78 15.39
11.65 -29.79 15.47
11.46 -30.02 15.55
11.30 -30.33 15.57
11.14 -30.69 15.52
12.08 -30.15 15.82
10.13 -29.83 15.74
10.65 -30.66 15.78
11.42 -30.50 15.72
11.00 -30.83 15.72
11.14 -30.80 15.75
10.85 -30.90 15.74
11.04 -31.07 15.77
10.99 -31.10 15.79
10.86 -31.16 15.83
10.76 -31.03 15.91
10.74 -30.99 15.90
10.72 -30.98 15.80
10.69 -31.06 15.71
10.77 -30.96 15.64
10.67 -30.89 15.70
10.89 -30.97 15.75
11.05 -30.73 15.76
11.24 -30.73 15.77
11.38 -30.46 15.75
11.66 -30.17 15.73
11.75 -29.81 15.80
11.88 -29.72 15.92
11.71 -29.73 15.88
12.19 -29.26 15.62
12.39 -28.85 15.42
12.46 -28.45 15.25
12.73 -28.26 15.07
12.63 -28.39 14.92
13.00 -28.35 14.90
12.11 -28.78 15.00
10.96 -27.62 14.99
11.26 -29.05 14.62
11.38 -29.32 14.33
11.05 -29.89 14.40
10.88 -30.06 14.63
10.67 -30.90 15.01
10.62 -31.65 15.59
10.74 -30.98 17.47
10.82 -30.38 17.47
9.34 -29.23 17.51
11.55 -30.74 17.47
11.11 -31.09 17.47
11.52 -30.69 17.51
11.12 -30.94 17.52
11.11 -31.11 17.52
11.13 -31.11 17.54
11.09 -31.23 17.53
10.95 -31.14 17.54
10.81 -31.12 17.56
10.83 -31.43 17.54
10.96 -31.39 17.46
11.12 -31.19 17.35
11.23 -31.21 17.25
11.37 -31.33 17.10
11.52 -31.21 16.93
11.65 -30.78 16.68
11.73 -30.25 16.43
11.88 -29.79 16.25
11.99 -29.40 16.13
12.05 -29.13 15.94
12.18 -28.84 15.86
12.30 -28.86 16.34
12.43 -29.01 17.06
10.92 -25.75 16.71
13.01 -28.36 16.41
12.96 -28.15 16.14
13.16 -28.49 15.92
13.44 -28.17 15.77
13.60 -28.22 15.66
13.42 -28.72 15.61
13.19 -29.45 15.58
13.22 -28.33 15.01
13.20 -29.49 14.15
13.16 -29.96 13.30
13.15 -30.16 12.80
13.01 -30.44 12.64
13.01 -31.42 12.57
12.69 -32.24 15.49
13.24 -32.66 18.42
14.44 -32.18 18.44
13.06 -33.45 18.46
13.56 -33.90 18.48
13.29 -33.94 18.51
13.45 -33.92 18.51
12.96 -34.41 18.52
12.78 -34.40 18.54
12.62 -34.37 18.58
12.70 -34.36 18.72
12.63 -34.06 18.92
12.94 -34.03 18.93
13.02 -33.82 18.79
13.12 -33.63 18.74
13.29 -33.26 18.71
13.40 -33.02 18.66
13.54 -32.55 18.55
13.30 -32.47 18.48
13.64 -31.68 18.46
13.68 -31.56 18.52
13.74 -31.39 18.62
13.63 -31.33 18.68
13.50 -31.84 18.75
14.00 -31.64 18.89
14.69 -31.45 18.45
14.56 -31.78 17.96
14.88 -32.44 17.48
14.93 -32.38 17.00
15.12 -33.37 16.50
15.61 -33.83 16.08
16.35 -33.88 15.72
16.59 -34.19 15.29
17.03 -34.29 14.79
17.53 -34.05 14.45
17.21 -33.92 14.22
18.00 -33.40 13.94
17.74 -33.24 13.72
16.87 -33.15 13.98
16.54 -32.78 14.75
16.49 -32.79 16.04
16.10 -32.25 17.61
15.35 -31.92 19.31
14.78 -31.61 18.85
15.73 -35.35 18.92
14.39 -35.03 19.25
15.21 -36.33 19.43
15.04 -36.50 19.69
14.63 -36.40 19.99
14.06 -36.24 20.15
14.17 -36.57 20.44
13.82 -36.37 20.87
13.86 -36.36 21.11
13.92 -36.29 21.09
13.98 -36.22 20.96
14.08 -36.24 20.82
14.34 -36.24 20.54
14.72 -36.33 20.17
14.88 -36.57 19.70
14.89 -36.77 19.17
15.02 -37.16 18.53
15.29 -37.02 17.96
15.26 -37.16 17.34
15.32 -37.10 16.77
15.32 -37.00 16.24
15.09 -36.50 15.82
15.82 -35.99 15.52
15.81 -35.85 15.17
15.99 -35.37 14.81
15.79 -35.35 14.46
15.92 -35.11 14.23
15.59 -35.46 14.23
15.79 -35.08 14.33
13.87 -34.65 14.23
14.93 -34.73 13.79
14.52 -35.46 13.43
14.58 -34.96 13.26
14.40 -35.18 13.18
14.28 -35.58 13.11
14.18 -36.03 13.14
13.73 -33.20 14.42
14.48 -37.62 16.40
14.45 -35.94 18.28
14.95 -35.87 18.60
14.20 -37.50 18.34
14.08 -37.45 18.30
14.49 -37.82 18.33
14.55 -37.95 18.34
14.52 -37.96 18.37
14.31 -38.07 18.38
14.01 -38.06 18.41
14.04 -38.13 18.44
14.10 -38.11 18.60
13.85 -37.75 18.96
13.90 -37.87 18.99
14.26 -38.06 18.72
14.44 -38.19 18.42
14.67 -38.20 18.05
15.04 -38.21 17.65
15.50 -37.95 17.29
15.90 -37.72 17.02
16.02 -37.64 16.74
16.20 -37.61 16.42
16.69 -37.21 16.09
16.94 -37.39 16.08
17.50 -37.32 16.36
17.53 -37.50 15.93
17.74 -37.61 15.54
17.94 -37.58 15.17
17.75 -37.94 14.84
18.00 -37.67 14.58
17.33 -38.01 14.38
16.71 -38.42 14.24
16.50 -38.87 13.90
16.38 -38.89 13.60
16.43 -38.92 13.29
16.38 -39.11 13.18
16.12 -39.37 13.20
16.65 -39.12 15.85
16.05 -39.66 17.96
16.47 -36.12 17.89
15.41 -39.75 17.89
15.36 -39.78 17.91
15.40 -39.96 17.91
15.38 -39.81 17.92
15.46 -40.12 17.94
15.17 -39.98 17.95
15.86 -39.35 17.98
17.07 -40.24 18.04
17.76 -39.65 18.08
17.48 -40.30 18.08
17.29 -40.20 18.09
17.76 -39.98 18.11
17.59 -40.41 18.12
17.62 -40.43 18.13
16.83 -39.05 18.13
17.07 -39.63 18.20
16.99 -38.96 18.49
16.05 -38.68 19.08
16.11 -37.78 19.98
15.83 -37.86 20.75
15.88 -37.39 21.08
15.87 -36.45 21.21
16.49 -36.41 21.40
16.60 -36.39 21.69
16.51 -34.69 21.53
18.39 -35.77 21.19
18.61 -35.10 21.07
16.64 -35.37 21.02
17.56 -36.69 20.75
18.28 -37.36 20.61
18.70 -37.87 20.57
18.38 -39.00 20.60
17.70 -39.33 20.76
17.21 -39.44 21.31
16.73 -39.41 21.88
16.11 -39.58 21.82
15.03 -39.84 20.42
17.91 -40.02 20.81
16.83 -43.04 20.76
15.51 -42.59 20.73
17.08 -43.11 20.93
16.67 -43.76 21.05
16.13 -43.75 20.78
16.12 -43.39 20.83
17.03 -43.05 20.86
16.26 -43.70 21.14
16.00 -43.65 21.44
16.04 -43.62 21.65
15.79 -43.55 22.00
14.91 -42.65 21.98
15.84 -43.30 21.67
16.27 -43.34 21.21
16.28 -43.30 20.71
16.51 -43.31 20.13
16.87 -43.28 19.52
17.10 -43.23 19.02
17.43 -42.92 18.58
17.71 -42.71 18.17
17.86 -42.64 17.77
18.12 -42.41 17.45
18.19 -42.40 17.08
18.56 -42.12 16.76
18.75 -42.02 16.50
18.79 -41.99 16.21
18.88 -41.96 15.93
18.41 -42.12 15.74
17.81 -41.97 15.43
17.15 -41.83 15.40
16.57 -41.46 15.65
16.66 -41.97 15.69
16.59 -42.75 14.96
16.72 -42.87 14.05
16.87 -40.20 15.72
17.09 -43.67 17.94
16.82 -44.61 19.73
17.78 -43.70 20.10
16.88 -44.69 20.15
17.40 -44.90 20.29
17.91 -44.63 20.59
17.37 -45.02 20.88
17.35 -45.31 21.21
17.00 -45.13 21.51
16.18 -44.44 21.49
17.26 -45.35 21.59
17.27 -45.78 21.83
16.79 -46.25 22.08
16.72 -46.06 22.11
16.92 -45.92 21.98
17.14 -45.55 21.77
17.42 -45.42 21.54
17.63 -45.42 21.35
17.51 -45.13 21.16
17.77 -44.76 20.92
18.12 -44.15 20.69
18.28 -43.92 20.39
18.58 -43.43 19.97
18.85 -43.04 19.57
18.38 -43.16 19.17
19.11 -42.72 18.84
18.94 -42.86 18.44
18.80 -43.03 17.96
18.56 -43.00 17.58
18.21 -43.60 17.42
17.83 -43.66 17.18
17.88 -44.08 17.07
17.60 -44.13 16.97
16.45 -43.06 16.68
17.83 -44.32 16.28
18.03 -44.80 16.13
17.98 -45.39 16.54
19.39 -45.46 19.39
18.37 -43.63 22.16
14.90 -41.36 21.48
17.70 -44.73 21.30
17.88 -44.94 21.92
16.79 -44.61 22.23
17.86 -45.00 22.27
16.93 -45.24 22.26
17.14 -45.45 22.23
16.89 -45.52 22.23
16.92 -45.54 22.17
16.38 -45.50 22.12
16.23 -45.46 22.06
16.23 -45.44 22.04
16.69 -45.75 22.01
16.77 -45.97 22.00
16.74 -45.85 21.99
16.46 -45.77 22.02
16.40 -45.95 22.04
16.33 -46.04 22.08
16.22 -46.03 22.22
16.53 -45.95 22.62
16.24 -46.37 23.27
16.06 -46.41 23.97
16.17 -46.44 24.16
16.46 -46.37 24.16
16.48 -46.07 24.23
16.64 -45.88 24.25
17.01 -45.65 24.30
16.85 -45.36 24.15
17.28 -45.46 23.80
18.07 -44.79 23.38
17.46 -44.63 22.99
18.93 -44.73 22.70
19.11 -45.05 22.47
18.97 -45.50 22.06
18.90 -46.48 21.29
18.58 -47.45 20.49
18.40 -47.50 19.81
20.37 -46.61 19.37
21.05 -46.68 18.95
19.27 -46.81 18.44
19.63 -48.86 17.44
19.47 -49.50 16.90
19.41 -48.93 16.63
19.56 -48.08 16.41
19.77 -47.83 16.20
19.76 -47.95 15.95
19.47 -48.09 15.71
19.46 -47.90 15.94
19.82 -47.45 16.60
20.07 -45.67 18.64
19.72 -46.23 20.11
19.10 -46.42 21.14
19.51 -46.05 21.91
19.03 -46.14 22.90
18.95 -44.31 22.40
19.18 -46.23 22.44
18.79 -45.91 22.47
19.51 -46.38 22.49
19.84 -46.41 22.51
20.00 -46.21 22.53
20.49 -46.37 22.56
21.07 -46.07 22.60
21.50 -45.80 22.63
22.37 -46.05 22.67
22.70 -46.11 22.71
23.27 -45.93 22.83
23.18 -46.27 22.79
24.06 -45.58 22.82
23.98 -46.04 22.80
24.31 -46.54 22.71
24.17 -46.52 22.49
24.69 -46.23 22.25
24.48 -46.59 22.09
24.80 -46.43 22.11
24.83 -46.11 22.66
22.62 -46.20 23.05
22.90 -46.96 23.02
22.01 -47.03 23.09
21.11 -47.25 23.14
20.61 -47.72 23.22
19.83 -47.75 23.27
19.03 -47.81 23.34
18.11 -48.18 23.44
17.58 -48.81 23.63
16.94 -49.20 23.91
16.24 -48.62 24.31
15.42 -49.08 24.38
15.25 -49.48 24.43
14.98 -49.59 24.50
14.77 -49.92 24.53
14.63 -49.98 24.62
14.59 -50.49 24.73
14.74 -50.88 25.03
14.83 -50.87 25.41
15.25 -51.39 25.94
15.71 -51.09 26.22
15.76 -51.27 26.62
16.06 -50.99 26.99
15.99 -50.53 26.95
16.61 -51.50 26.55
16.62 -51.68 26.06
16.76 -51.75 25.59
17.20 -51.92 25.28
17.57 -51.90 25.04
17.89 -52.13 24.92
17.19 -52.75 24.95
17.36 -52.82 24.86
17.73 -53.08 24.74
17.72 -52.63 24.69
18.08 -52.51 24.67
18.35 -51.95 24.56
18.13 -51.66 24.35
18.30 -51.72 24.14
18.18 -51.92 24.03
17.99 -51.89 23.70
18.08 -51.75 23.28
18.15 -51.59 22.81
17.99 -51.33 22.16
17.87 -52.38 21.21
17.56 -51.50 20.11
18.03 -51.23 19.11
18.25 -50.38 18.65
18.05 -49.73 18.48
17.76 -49.26 18.60
18.16 -46.70 20.52
17.56 -47.81 22.22
17.36 -47.50 23.66
17.90 -47.71 24.20
17.79 -47.69 24.08
17.00 -45.61 24.08
17.64 -46.02 24.21
18.00 -45.02 24.50
17.77 -43.65 24.75
17.76 -44.10 24.79
18.04 -44.34 24.96
18.31 -45.27 25.23
18.15 -46.23 25.41
18.08 -47.14 25.67
18.07 -48.13 25.91
17.93 -49.59 26.02
17.68 -50.86 26.01
17.80 -52.11 25.69
18.06 -54.17 25.60
18.26 -56.50 25.94
18.33 -58.83 26.26
18.12 -60.76 26.27
18.02 -62.53 26.12
17.79 -65.14 25.95
16.82 -66.58 25.53
18.03 -68.69 24.98
18.33 -69.23 24.87
18.26 -67.96 24.87
18.02 -67.64 24.72
17.99 -68.04 24.55
18.10 -68.69 24.40
18.48 -68.87 24.20
18.14 -68.55 23.97
17.71 -68.01 23.80
17.94 -67.05 23.75
18.21 -66.14 23.68
17.59 -64.86 23.56
17.77 -62.03 23.63
18.25 -58.73 24.04
18.23 -55.83 24.35
18.66 -52.97 24.56
18.56 -50.74 24.22
19.95 -46.91 22.19
19.01 -48.28 22.14
18.47 -48.06 22.19
17.68 -45.05 22.35
17.54 -42.35 22.77
17.67 -39.96 23.20
16.44 -37.87 23.60
15.45 -35.73 23.64
15.64 -37.34 23.56
17.25 -36.53 23.82
17.23 -34.92 23.94
17.02 -35.57 23.89
17.57 -34.90 23.93
17.87 -35.43 23.91
17.95 -35.25 23.94
17.49 -35.00 24.00
17.65 -35.11 24.01
17.73 -35.13 24.01
17.93 -35.45 23.98
17.76 -35.80 23.99
17.64 -36.82 24.19
17.28 -38.63 24.37
17.37 -41.15 24.52
17.04 -43.50 24.58
15.80 -45.91 24.51
16.25 -48.98 24.35
16.91 -51.30 24.28
18.35 -51.06 21.59
17.84 -50.42 21.46
18.05 -52.20 21.70
18.74 -52.71 22.13
18.84 -54.18 22.77
18.15 -55.24 23.41
17.56 -57.67 23.80
17.33 -60.86 23.95
16.74 -63.19 23.88
16.70 -64.96 23.55
17.10 -65.96 23.11
17.18 -66.55 22.67
16.82 -67.15 22.36
16.70 -67.56 22.07
16.78 -67.54 21.84
16.85 -67.18 21.68
16.84 -67.05 21.55
16.76 -66.94 21.40
16.48 -66.80 21.31
16.47 -66.63 21.26
16.67 -66.84 21.19
16.79 -67.33 21.10
16.81 -67.10 21.05
16.63 -65.18 21.09
16.75 -62.45 21.21
16.73 -60.31 21.33
16.47 -57.47 21.52
16.33 -54.18 21.67
15.60 -51.24 21.84
16.05 -50.13 21.23
14.12 -49.84 20.68
14.13 -49.54 20.58
13.77 -47.43 20.83
14.03 -44.90 21.27
13.66 -44.27 21.62
12.63 -41.68 21.54
13.32 -41.31 21.48
13.96 -40.92 21.55
14.06 -41.05 21.50
14.24 -39.63 21.42
13.91 -39.99 21.36
13.23 -40.67 21.35
14.18 -41.45 21.51
14.14 -41.24 21.64
13.67 -42.15 21.71
13.50 -44.19 21.71
13.66 -46.15 21.74
14.04 -47.86 21.90
14.04 -49.54 22.13
14.37 -51.00 22.06
15.07 -53.16 21.73
15.85 -54.89 21.44
14.63 -54.26 21.48
16.07 -55.79 21.50
16.53 -56.79 21.49
17.18 -58.78 21.58
16.95 -60.70 21.78
16.86 -63.26 21.93
16.65 -66.13 21.88
16.39 -68.83 21.21
16.76 -71.84 20.25
17.10 -74.31 19.44
17.37 -75.05 19.11
17.14 -74.05 18.97
16.47 -73.10 18.91
16.20 -72.15 18.92
16.26 -72.34 18.90
16.30 -72.41 18.85
16.16 -72.32 18.81
15.87 -71.73 18.79
15.50 -71.11 18.76
15.64 -70.82 18.73
15.65 -70.39 18.67
15.27 -69.54 18.70
14.66 -67.35 18.92
14.30 -64.48 19.41
13.52 -62.37 19.81
12.93 -59.86 20.26
12.17 -56.60 20.76
11.21 -53.66 21.43
10.73 -50.08 22.28
11.02 -49.36 22.93
10.59 -50.28 22.75
10.21 -52.05 22.49
9.79 -50.38 22.44
9.66 -50.13 22.40
10.43 -49.83 22.51
9.93 -49.85 22.46
9.65 -49.27 22.33
9.87 -49.33 22.29
10.16 -49.91 22.33
10.52 -49.94 22.27
10.15 -50.31 22.13
10.12 -50.61 22.06
10.32 -51.25 22.07
10.49 -52.19 22.08
10.69 -53.44 21.97
10.51 -54.71 22.38
10.57 -57.14 22.80
10.84 -58.03 22.95
10.03 -57.95 23.36
9.89 -56.79 23.35
9.66 -57.90 23.35
10.09 -57.87 23.40
9.36 -58.57 23.47
8.88 -57.27 23.49
8.50 -56.48 23.41
9.78 -58.10 23.53
10.42 -56.57 23.45
10.25 -56.99 23.51
11.09 -57.68 23.53
11.27 -56.95 23.63
9.97 -54.24 23.38
9.69 -58.55 23.43
9.34 -58.99 23.42
8.63 -59.97 23.48
8.07 -59.95 23.55
7.43 -59.61 23.61
8.41 -58.89 23.63
8.09 -57.79 23.63
8.66 -56.80 23.59
11.26 -57.26 23.62
9.77 -56.76 23.46
11.67 -57.50 23.53
11.47 -57.42 23.57
10.71 -57.48 23.57
10.40 -58.28 23.60
9.92 -58.12 23.62
9.27 -59.64 23.66
8.39 -59.09 23.69
7.35 -57.68 23.73
8.20 -58.47 23.75
8.61 -58.72 23.74
8.48 -59.47 23.75
8.47 -60.27 23.73
8.58 -61.07 23.67
9.25 -62.97 23.50
9.78 -63.63 23.10
10.24 -65.28 22.44
10.39 -67.97 21.74
10.45 -71.84 20.88
10.88 -73.93 20.39
11.18 -74.78 20.30
11.59 -73.04 20.40
10.88 -70.95 20.47
10.91 -71.62 20.49
11.07 -72.87 20.36
11.37 -74.06 20.20
11.43 -75.06 20.12
11.48 -74.73 20.09
11.59 -74.68 19.98
11.53 -74.95 19.86
11.38 -73.01 19.88
10.86 -69.50 20.10
11.04 -66.01 20.66
10.28 -61.17 21.10
9.33 -57.03 21.60
10.84 -53.58 21.18
9.79 -54.83 21.25
7.81 -52.62 21.23
7.79 -51.10 21.38
8.65 -49.12 21.60
8.49 -48.22 21.56
7.30 -45.56 21.43
7.83 -45.10 21.44
8.76 -44.37 21.57
9.53 -44.23 21.60
9.20 -42.83 21.52
8.94 -44.68 21.39
9.48 -46.06 21.66
8.85 -45.92 22.01
8.44 -46.24 22.12
8.85 -47.50 22.04
9.17 -49.75 21.84
8.88 -53.28 21.68
8.28 -56.68 21.53
8.20 -59.59 21.52
8.37 -60.25 21.60
8.69 -62.03 21.60
8.88 -63.59 21.54
9.01 -66.77 21.36
9.16 -67.44 20.65
9.36 -69.91 19.86
9.76 -70.65 19.31
9.54 -71.04 19.07
9.47 -71.40 18.95
9.71 -72.39 18.77
9.30 -73.02 18.31
8.71 -72.13 18.09
8.10 -70.63 18.47
8.45 -68.13 18.87
9.10 -65.69 20.39
8.45 -64.30 21.37
7.98 -61.86 22.16
7.95 -58.07 22.20
8.49 -57.93 22.23
8.29 -59.36 22.24
7.68 -59.30 22.26
7.48 -59.22 22.27
8.15 -59.39 22.28
8.13 -59.71 22.30
8.06 -59.80 22.31
8.42 -59.27 22.34
8.05 -59.04 22.35
7.86 -59.62 22.30
8.15 -59.01 22.24
7.64 -57.95 22.18
7.31 -56.72 21.68
7.41 -55.37 21.14
7.54 -54.72 20.95
7.24 -54.22 21.01
6.52 -54.45 20.84
6.77 -54.05 20.57
6.74 -53.29 20.34
6.07 -53.08 20.28
6.12 -52.02 20.34
7.42 -54.64 20.60
7.41 -56.21 21.08
7.83 -57.73 21.56
8.39 -60.59 23.76
8.26 -55.92 23.51
9.30 -60.71 23.55
9.31 -60.80 23.58
10.44 -61.91 23.51
10.82 -63.11 23.21
10.67 -65.34 22.97
10.20 -66.00 22.61
10.76 -67.75 22.30
10.93 -69.38 22.09
10.84 -69.39 21.94
10.76 -67.68 22.10
10.55 -66.74 22.52
10.44 -64.29 22.93
10.18 -63.14 23.28
9.61 -60.40 23.59
9.92 -58.25 23.64
9.52 -57.78 23.58
8.46 -56.85 23.52
9.08 -56.64 23.51
9.45 -55.51 23.43
9.43 -54.79 23.00
8.93 -54.85 22.48
9.39 -55.00 22.09
9.99 -54.46 21.89
10.37 -55.28 21.59
10.04 -56.03 21.22
10.24 -58.42 20.97
10.82 -61.54 21.02
11.52 -64.33 21.47
12.60 -65.50 22.37
11.86 -60.19 22.49
12.28 -61.58 22.38
12.74 -63.33 22.42
12.51 -64.11 22.42
12.25 -64.79 22.41
11.05 -64.48 22.31
10.94 -64.37 22.39
10.94 -63.59 22.67
10.96 -63.48 22.83
10.95 -65.18 22.86
11.22 -66.08 22.91
11.43 -66.27 22.94
11.50 -66.65 22.93
12.12 -67.56 22.90
12.43 -67.98 22.90
12.60 -68.37 23.04
13.02 -69.17 23.15
12.84 -69.61 23.09
13.02 -69.49 22.97
12.72 -69.03 22.75
12.24 -68.49 22.50
11.63 -67.21 22.49
12.00 -65.83 22.49
11.99 -64.19 22.57
12.02 -62.75 22.64
12.39 -63.09 22.64
12.11 -63.82 22.66
12.11 -63.75 22.67
11.89 -63.78 22.68
11.94 -63.93 22.69
11.97 -63.98 22.70
11.88 -63.88 22.71
11.94 -64.10 22.73
11.94 -64.13 22.74
11.97 -64.18 22.76
11.90 -64.23 22.77
11.91 -64.24 22.79
11.96 -64.30 22.80
11.99 -64.33 22.82
12.03 -64.36 22.83
12.03 -64.41 22.85
12.09 -64.43 22.86
12.09 -64.46 22.88
12.11 -64.53 22.89
12.16 -64.57 22.90
12.19 -64.60 22.92
12.21 -64.63 22.93
12.23 -64.67 22.95
12.26 -64.73 22.96
12.26 -64.73 22.98
12.29 -64.77 22.99
12.34 -64.81 23.01
12.37 -64.85 23.02
12.40 -64.88 23.04
12.44 -64.91 23.05
12.42 -64.99 23.07
12.46 -65.01 23.08
12.49 -65.04 23.10
12.52 -65.10 23.11
12.52 -65.14 23.13
12.54 -65.17 23.14
12.55 -65.23 23.16
12.57 -65.25 23.17
12.58 -65.29 23.19
12.60 -65.33 23.20
12.61 -65.35 23.21
12.62 -65.39 23.23
12.65 -65.42 23.24
12.67 -65.49 23.26
12.68 -65.50 23.27
12.69 -65.55 23.29
12.71 -65.61 23.30
12.72 -65.63 23.32
12.73 -65.68 23.33
12.75 -65.71 23.35
12.77 -65.76 23.36
12.78 -65.80 23.37
12.80 -65.82 23.39
12.82 -65.87 23.40
12.84 -65.90 23.42
12.84 -65.93 23.43
12.87 -65.98 23.45
12.88 -66.02 23.46
12.90 -66.06 23.48
12.91 -66.09 23.49
12.94 -66.13 23.51
12.95 -66.19 23.52
12.96 -66.22 23.54
12.98 -66.24 23.55
12.99 -66.29 23.56
13.01 -66.32 23.58
13.03 -66.35 23.59
13.05 -66.39 23.61
13.06 -66.44 23.62
13.07 -66.48 23.64
13.08 -66.53 23.65
13.09 -66.56 23.67
13.11 -66.61 23.68
13.13 -66.62 23.69
13.16 -66.69 23.71
13.16 -66.71 23.72
13.19 -66.76 23.74
13.20 -66.78 23.75
13.21 -66.83 23.77
13.23 -66.87 23.78
13.25 -66.91 23.80
13.25 -66.94 23.81
13.28 -66.97 23.83
13.29 -67.03 23.84
13.31 -67.04 23.85
13.31 -67.10 23.87
13.33 -67.13 23.88
13.35 -67.18 23.90
13.36 -67.19 23.91
13.37 -67.26 23.93
13.39 -67.28 23.94
13.40 -67.34 23.95
13.44 -67.36 23.97
13.44 -67.40 23.99
13.47 -67.46 24.00
13.49 -67.49 24.01
13.48 -67.52 24.03
13.51 -67.54 24.04
13.52 -67.60 24.06
13.53 -67.64 24.07
13.56 -67.68 24.09
13.57 -67.71 24.10
13.59 -