84.76 -189.21 72.38
84.75 -189.24 72.39
84.78 -189.24 72.39
84.79 -189.26 72.40
84.79 -189.29 72.41
84.79 -189.32 72.42
84.81 -189.33 72.43
84.81 -189.35 72.43
84.82 -189.37 72.44
84.83 -189.39 72.45
84.86 -189.39 72.46
84.86 -189.42 72.46
84.85 -189.46 72.47
84.87 -189.47 72.48
84.86 -189.50 72.49
84.88 -189.51 72.50
84.90 -189.52 72.51
84.89 -189.55 72.51
84.92 -189.55 72.52
84.90 -189.62 72.53
84.93 -189.61 72.54
84.92 -189.64 72.55
84.93 -189.66 72.56
84.94 -189.68 72.56
84.93 -189.72 72.57
84.96 -189.73 72.58
84.97 -189.75 72.58
84.99 -189.74 72.59
84.99 -189.77 72.60
84.98 -189.80 72.61
84.98 -189.83 72.62
84.98 -189.87 72.62
85.01 -189.87 72.63
85.02 -189.89 72.64
85.04 -189.90 72.65
85.06 -189.91 72.65
85.07 -189.93 72.66
85.08 -189.95 72.67
85.07 -189.98 72.68
85.07 -190.00 72.69
85.08 -190.03 72.69
85.09 -190.05 72.70
85.11 -190.06 72.71
85.10 -190.09 72.72
85.11 -190.10 72.73
85.13 -190.13 72.73
85.13 -190.15 72.74
85.14 -190.17 72.75
85.15 -190.19 72.76
85.16 -190.20 72.76
85.16 -190.22 72.77
85.18 -190.25 72.78
85.19 -190.26 72.79
85.19 -190.29 72.80
85.20 -190.31 72.80
85.20 -190.33 72.81
85.21 -190.35 72.82
85.23 -190.37 72.83
85.24 -190.38 72.84
85.23 -190.41 72.84
85.26 -190.42 72.85
85.26 -190.45 72.86
85.27 -190.47 72.86
85.29 -190.48 72.87
85.28 -190.51 72.88
85.29 -190.54 72.89
85.31 -190.54 72.89
85.31 -190.56 72.90
85.32 -190.49 72.91
85.33 -190.57 72.92
85.34 -190.53 72.93
85.35 -190.62 72.93
85.34 -190.69 72.94
85.32 -190.71 72.94
85.32 -190.77 72.95
85.38 -190.67 72.96
85.38 -190.68 72.96
85.40 -190.74 72.98
85.35 -190.72 72.98
85.43 -190.72 72.99
85.32 -190.73 73.00
85.42 -190.77 73.00
85.41 -190.85 73.01
85.36 -190.76 73.02
85.26 -190.74 73.02
85.20 -190.67 73.03
85.19 -190.71 73.04
85.31 -190.78 73.04
85.49 -190.78 73.05
85.62 -190.63 73.06
85.53 -190.66 73.07
85.47 -190.65 73.08
85.41 -190.59 73.09
85.28 -190.63 73.11
84.99 -190.68 73.12
84.88 -190.94 73.14
84.73 -191.00 73.15
84.51 -191.06 73.16
84.47 -190.92 73.17
84.24 -190.95 73.17
84.04 -190.99 73.18
83.96 -190.82 73.19
83.78 -190.84 73.20
83.71 -190.92 73.21
83.53 -191.05 73.22
83.45 -190.86 73.23
83.46 -190.90 73.24
83.35 -190.95 73.25
83.14 -190.98 73.26
83.07 -190.93 73.26
82.96 -191.05 73.27
82.93 -191.07 73.28
82.86 -191.06 73.29
82.90 -191.11 73.31
82.89 -191.17 73.32
83.00 -191.09 73.33
82.97 -190.99 73.33
82.98 -191.01 73.34
83.00 -191.23 73.34
83.09 -191.18 73.36
83.01 -191.25 73.37
83.02 -191.14 73.38
83.15 -191.05 73.39
82.94 -191.24 73.40
83.01 -191.11 73.40
83.33 -191.16 73.41
83.47 -191.31 73.41
83.57 -191.42 73.41
83.65 -191.29 73.42
83.75 -191.38 73.43
83.89 -191.36 73.44
84.19 -191.39 73.44
84.08 -191.51 73.45
84.30 -191.49 73.46
84.36 -191.53 73.47
84.70 -191.63 73.49
84.63 -191.65 73.51
84.32 -191.32 73.52
84.26 -191.25 73.52
84.35 -191.40 73.53
84.62 -191.50 73.54
84.73 -191.51 73.55
84.76 -191.59 73.56
84.80 -191.71 73.56
84.97 -191.76 73.57
84.99 -191.78 73.57
85.03 -191.71 73.57
85.10 -191.72 73.58
85.29 -191.84 73.59
85.40 -191.88 73.61
85.44 -191.82 73.62
85.54 -191.83 73.63
85.59 -191.79 73.64
85.74 -191.85 73.64
85.84 -191.82 73.65
86.22 -191.84 73.66
86.29 -191.94 73.66
86.38 -192.08 73.68
86.54 -192.14 73.69
86.62 -192.08 73.70
86.77 -192.16 73.70
86.85 -192.12 73.71
87.00 -192.11 73.72
86.92 -192.09 73.73
87.08 -192.21 73.73
87.37 -192.26 73.73
87.43 -192.16 73.74
87.50 -192.14 73.75
87.56 -192.27 73.75
87.73 -192.15 73.76
87.76 -192.14 73.77
87.65 -192.32 73.77
87.73 -192.29 73.77
87.75 -192.38 73.78
87.55 -192.52 73.78
87.45 -192.51 73.78
87.41 -192.48 73.79
87.41 -192.44 73.80
87.42 -192.51 73.81
87.46 -192.55 73.82
87.45 -192.56 73.83
87.24 -192.67 73.84
87.36 -192.44 73.84
87.14 -192.62 73.85
87.10 -192.58 73.87
86.90 -192.69 73.88
86.94 -192.62 73.89
86.85 -192.72 73.90
86.65 -192.64 73.91
86.68 -192.69 73.92
86.63 -192.56 73.93
86.43 -192.79 73.94
86.46 -192.87 73.95
86.39 -192.77 73.96
86.24 -192.92 73.97
86.19 -192.89 73.98
86.09 -192.99 73.99
86.00 -192.99 74.00
86.04 -192.89 74.02
85.96 -192.91 74.03
85.86 -192.94 74.04
85.74 -193.04 74.04
85.60 -193.04 74.05
85.60 -193.08 74.06
85.50 -193.06 74.06
85.53 -193.11 74.07
85.47 -193.12 74.08
85.40 -193.25 74.09
85.44 -193.19 74.10
85.52 -193.11 74.11
85.51 -193.14 74.11
85.44 -193.21 74.12
85.53 -193.15 74.13
85.43 -193.27 74.13
85.41 -193.30 74.13
85.55 -193.12 74.14
85.53 -193.28 74.14
85.50 -193.35 74.15
85.50 -193.30 74.16
85.55 -193.35 74.16
85.63 -193.24 74.17
85.49 -193.41 74.18
85.49 -193.43 74.19
85.48 -193.40 74.20
85.40 -193.24 74.22
85.35 -193.25 74.23
84.92 -192.80 74.24
84.81 -193.39 74.25
84.84 -193.38 74.26
84.95 -193.38 74.27
85.05 -193.28 74.27
84.89 -193.47 74.28
84.81 -193.51 74.29
84.83 -193.61 74.30
84.58 -193.51 74.31
84.70 -193.66 74.32
84.72 -193.65 74.34
84.60 -193.57 74.35
84.71 -193.72 74.36
84.62 -193.61 74.38
84.61 -193.68 74.38
84.58 -193.69 74.39
84.66 -193.77 74.40
84.74 -193.85 74.41
84.80 -193.91 74.42
84.83 -193.92 74.43
84.79 -193.84 74.44
84.82 -193.87 74.45
84.82 -193.84 74.46
84.95 -193.81 74.47
84.96 -193.94 74.48
85.05 -193.91 74.49
85.00 -193.88 74.49
85.17 -193.85 74.50
85.18 -193.95 74.51
85.36 -194.10 74.52
85.49 -194.14 74.52
85.53 -194.02 74.53
85.62 -194.14 74.53
85.81 -194.14 74.54
85.91 -194.12 74.55
85.95 -194.16 74.56
85.97 -194.18 74.56
86.05 -194.26 74.57
86.13 -194.31 74.58
86.03 -194.12 74.59
86.13 -194.20 74.60
86.28 -194.31 74.60
86.46 -194.46 74.61
86.46 -194.28 74.61
86.53 -194.41 74.62
86.52 -194.32 74.63
86.69 -194.19 74.63
86.55 -194.32 74.63
86.67 -194.39 74.63
86.97 -194.48 74.64
87.12 -194.35 74.64
87.27 -194.41 74.65
87.30 -194.38 74.65
87.23 -194.54 74.66
87.24 -194.58 74.67
87.20 -194.53 74.67
87.39 -194.65 74.68
87.40 -194.65 74.69
87.42 -194.53 74.70
87.49 -194.63 74.70
87.53 -194.72 74.71
87.70 -194.64 74.72
87.82 -194.64 74.73
87.67 -194.69 74.74
87.72 -194.76 74.74
87.80 -194.72 74.75
87.59 -194.91 74.76
87.70 -194.82 74.76
87.73 -194.80 74.77
87.59 -194.97 74.78
87.64 -194.94 74.78
87.59 -194.99 74.79
87.53 -195.04 74.80
87.63 -194.96 74.81
87.52 -195.07 74.81
87.56 -194.90 74.82
87.54 -195.00 74.83
87.49 -194.99 74.84
87.39 -195.03 74.86
87.40 -195.01 74.87
87.23 -195.12 74.88
87.22 -195.09 74.89
87.16 -195.12 74.89
87.13 -195.12 74.90
87.11 -195.13 74.91
87.06 -195.17 74.92
86.89 -195.32 74.93
86.73 -195.20 74.93
86.80 -195.25 74.94
86.85 -195.24 74.95
86.82 -195.39 74.96
86.75 -195.44 74.96
86.78 -195.42 74.97
86.82 -195.36 74.98
86.72 -195.45 74.99
86.77 -195.38 75.00
86.86 -195.40 75.01
86.78 -195.49 75.02
86.67 -195.43 75.03
86.77 -195.55 75.04
86.81 -195.42 75.04
86.81 -195.54 75.06
86.86 -195.52 75.07
86.82 -195.61 75.08
86.91 -195.60 75.09
86.94 -195.57 75.09
86.81 -195.64 75.10
86.59 -195.54 75.11
86.52 -195.49 75.12
86.36 -195.26 75.13
86.51 -195.48 75.13
86.52 -195.53 75.14
86.57 -195.61 75.15
86.69 -195.61 75.16
86.79 -195.79 75.16
86.85 -195.75 75.17
86.94 -195.89 75.17
87.01 -195.87 75.18
87.12 -195.85 75.19
87.04 -195.94 75.21
86.98 -195.87 75.21
87.06 -195.93 75.22
87.07 -195.91 75.23
87.17 -195.83 75.23
87.26 -196.01 75.23
87.29 -195.99 75.24
87.37 -196.02 75.25
87.36 -195.98 75.25
87.54 -196.04 75.26
87.63 -196.14 75.27
87.62 -195.90 75.28
87.71 -196.10 75.29
87.79 -196.16 75.31
87.72 -195.95 75.32
87.52 -196.14 75.32
87.47 -196.10 75.33
87.48 -196.13 75.34
87.45 -196.09 75.34
87.54 -196.17 75.35
87.52 -196.12 75.35
87.64 -196.18 75.36
87.72 -196.19 75.37
87.74 -196.21 75.38
87.88 -196.23 75.39
87.86 -196.19 75.39
87.86 -196.23 75.40
87.77 -196.13 75.41
88.10 -196.00 75.42
88.21 -196.32 75.42
88.12 -196.44 75.42
88.19 -196.53 75.43
88.41 -196.32 75.43
88.67 -196.41 75.43
88.62 -196.35 75.43
88.69 -196.41 75.44
88.92 -196.41 75.45
88.74 -196.48 75.46
88.88 -196.23 75.48
88.67 -196.49 75.49
88.58 -196.44 75.48
88.60 -196.33 75.49
88.54 -196.31 75.49
88.31 -196.49 75.50
88.09 -196.67 75.50
87.96 -196.79 75.51
87.93 -196.78 75.52
88.09 -196.79 75.53
88.25 -196.71 75.54
88.35 -196.68 75.55
88.37 -196.72 75.55
88.36 -196.71 75.56
88.33 -196.71 75.57
88.24 -196.82 75.58
88.19 -196.87 75.58
88.36 -196.74 75.59
88.17 -197.02 75.59
88.18 -197.03 75.60
88.11 -196.96 75.60
88.03 -196.89 75.62
88.15 -197.01 75.62
88.35 -197.07 75.63
88.40 -197.17 75.64
88.52 -197.13 75.65
88.44 -197.18 75.66
88.51 -197.10 75.67
88.44 -197.31 75.68
88.52 -197.28 75.69
88.54 -197.26 75.70
88.38 -197.31 75.71
88.51 -197.31 75.72
88.59 -197.20 75.73
88.46 -197.14 75.74
88.55 -197.14 75.75
88.49 -197.30 75.76
88.46 -197.27 75.77
88.69 -197.26 75.78
88.69 -197.27 75.79
88.57 -197.32 75.80
88.50 -197.36 75.81
88.39 -197.41 75.82
88.59 -197.30 75.83
88.55 -197.23 75.84
88.45 -197.16 75.85
88.18 -197.30 75.85
88.29 -197.54 75.86
88.34 -197.58 75.87
88.30 -197.54 75.88
88.32 -197.57 75.89
88.50 -197.57 75.90
88.51 -197.67 75.91
88.44 -197.58 75.92
88.45 -197.61 75.93
88.37 -197.54 75.94
88.60 -197.66 75.95
88.46 -197.58 75.95
88.50 -197.61 75.95
88.49 -197.61 75.96
88.54 -197.68 75.97
88.54 -197.67 75.98
88.55 -197.68 75.98
88.57 -197.71 75.98
88.51 -197.66 75.98
88.46 -197.46 75.99
88.46 -197.70 75.99
88.48 -197.54 75.99
88.51 -197.87 75.99
88.46 -197.93 76.00
88.35 -197.89 76.00
88.14 -197.77 76.01
88.33 -198.11 76.01
88.09 -197.99 76.00
88.15 -198.11 76.01
88.03 -198.23 76.01
87.81 -198.15 76.02
87.66 -198.15 76.02
87.46 -198.11 76.03
87.36 -198.19 76.04
87.33 -198.12 76.04
87.24 -198.27 76.04
87.00 -198.09 76.06
86.90 -198.17 76.08
86.87 -198.03 76.10
86.87 -197.96 76.11
86.76 -197.80 76.11
86.80 -197.86 76.12
86.89 -197.78 76.13
86.97 -197.92 76.13
87.01 -197.91 76.14
87.25 -198.03 76.15
87.31 -198.12 76.15
87.41 -198.23 76.16
87.58 -198.31 76.17
87.75 -198.37 76.18
87.95 -198.32 76.18
87.78 -198.53 76.19
87.93 -198.36 76.19
87.82 -198.50 76.20
87.87 -198.44 76.21
87.73 -198.56 76.21
87.78 -198.51 76.22
87.69 -198.54 76.23
87.80 -198.49 76.24
87.77 -198.55 76.24
87.86 -198.47 76.25
87.81 -198.62 76.26
87.84 -198.58 76.27
87.78 -198.73 76.28
87.81 -198.73 76.29
87.82 -198.77 76.30
87.92 -198.75 76.31
87.92 -198.82 76.31
88.03 -198.71 76.32
88.00 -198.89 76.32
88.15 -198.81 76.33
88.15 -198.89 76.35
88.24 -198.92 76.36
88.31 -198.94 76.37
88.35 -198.99 76.37
88.43 -198.99 76.37
88.43 -199.07 76.38
88.60 -198.99 76.39
88.61 -198.85 76.40
88.67 -199.05 76.42
88.55 -199.14 76.43
88.72 -199.15 76.44
88.91 -199.15 76.45
89.01 -199.18 76.46
89.16 -199.18 76.47
89.16 -199.28 76.49
89.28 -199.17 76.49
89.27 -199.13 76.51
89.46 -199.19 76.52
89.47 -199.05 76.53
89.58 -199.10 76.54
89.77 -199.08 76.55
89.80 -199.02 76.56
89.88 -199.10 76.56
89.97 -199.18 76.57
89.94 -199.27 76.57
90.08 -199.18 76.57
90.11 -199.18 76.58
90.18 -199.23 76.59
90.15 -199.21 76.59
90.18 -199.45 76.59
90.28 -199.40 76.59
90.16 -199.42 76.57
90.18 -199.54 76.55
90.20 -199.60 76.52
90.22 -199.71 76.50
90.19 -199.72 76.51
90.16 -199.76 76.53
90.10 -199.65 76.53
90.09 -199.78 76.51
90.08 -199.75 76.50
90.01 -199.88 76.51
90.00 -199.96 76.50
89.91 -199.95 76.49
89.86 -199.92 76.45
89.80 -199.97 76.38
89.71 -199.94 76.32
89.72 -199.90 76.28
89.71 -200.01 76.24
89.77 -199.90 76.23
89.66 -199.97 76.22
89.67 -199.90 76.23
89.63 -200.05 76.26
89.68 -200.13 76.31
89.75 -200.11 76.37
89.80 -200.01 76.45
89.79 -200.10 76.52
89.67 -200.02 76.58
89.67 -200.04 76.59
89.66 -200.05 76.61
89.60 -199.89 76.62
89.59 -199.89 76.65
89.65 -199.89 76.67
89.71 -199.89 76.70
89.71 -199.87 76.73
89.71 -199.85 76.78
89.92 -199.92 76.78
89.92 -199.83 76.81
89.96 -199.92 76.82
90.02 -199.98 76.84
90.12 -200.02 76.87
90.13 -200.06 76.88
90.20 -200.12 76.89
90.22 -200.18 76.90
90.25 -200.26 76.91
90.23 -200.33 76.92
89.99 -200.43 76.92
90.40 -200.19 76.93
90.41 -200.01 76.94
90.33 -200.32 76.95
90.70 -198.86 76.96
90.14 -200.10 76.98
90.33 -200.38 76.99
90.27 -200.08 76.99
90.39 -200.59 77.00
90.48 -200.28 77.01
90.71 -200.46 77.01
90.73 -200.58 77.01
90.82 -200.30 77.02
90.81 -200.25 77.02
90.87 -200.68 77.02
90.75 -200.55 77.03
90.81 -200.87 77.04
90.94 -200.66 77.05
91.03 -200.64 77.06
91.14 -200.78 77.07
91.00 -200.98 77.09
91.11 -200.80 77.11
91.11 -200.74 77.12
91.23 -200.83 77.13
91.22 -200.80 77.14
91.22 -201.01 77.15
91.24 -200.90 77.16
91.32 -200.79 77.17
91.29 -200.81 77.18
91.32 -200.83 77.20
91.36 -200.86 77.21
91.30 -200.98 77.21
91.24 -200.60 77.21
91.13 -201.08 77.22
91.40 -201.20 77.22
91.22 -201.14 77.22
91.45 -201.26 77.23
91.55 -201.22 77.23
91.50 -201.14 77.23
91.49 -201.19 77.21
91.42 -201.26 77.19
91.42 -201.26 77.17
91.54 -201.32 77.15
91.45 -201.31 77.15
91.54 -201.44 77.16
91.58 -201.41 77.17
91.49 -201.40 77.18
91.53 -201.50 77.17
91.43 -201.45 77.17
91.44 -201.49 77.17
91.40 -201.44 77.18
91.41 -201.57 77.19
91.39 -201.54 77.20
91.32 -201.56 77.20
91.37 -201.58 77.21
91.24 -201.51 77.22
91.24 -201.59 77.23
91.32 -201.71 77.23
91.35 -201.82 77.23
91.33 -201.82 77.22
91.21 -201.75 77.22
91.16 -201.82 77.23
91.31 -201.96 77.24
91.28 -201.99 77.25
91.14 -201.98 77.26
91.04 -202.05 77.25
90.97 -202.09 77.24
91.00 -201.96 77.24
90.84 -202.09 77.25
90.81 -202.07 77.27
90.78 -202.04 77.28
90.65 -201.94 77.29
90.71 -201.90 77.31
90.66 -201.88 77.33
90.50 -201.96 77.35
90.33 -201.77 77.38
90.19 -201.64 77.40
90.40 -201.74 77.42
90.49 -201.75 77.46
90.41 -201.73 77.51
90.57 -201.74 77.52
90.53 -201.78 77.53
90.51 -201.76 77.54
90.54 -201.84 77.55
90.57 -201.85 77.57
90.49 -201.95 77.58
90.34 -201.94 77.60
90.21 -201.94 77.61
90.31 -201.97 77.63
90.30 -202.02 77.64
90.26 -202.08 77.66
90.19 -202.05 77.67
90.12 -202.13 77.69
90.21 -202.27 77.70
90.25 -202.28 77.71
90.31 -202.21 77.72
90.25 -202.24 77.72
90.28 -202.16 77.73
90.14 -202.30 77.74
90.11 -202.32 77.75
89.97 -202.42 77.76
90.00 -202.36 77.77
90.02 -202.39 77.78
89.92 -202.42 77.79
89.92 -202.44 77.79
89.95 -202.42 77.80
89.90 -202.47 77.81
89.99 -202.47 77.82
89.91 -202.47 77.83
89.90 -202.53 77.83
89.94 -202.59 77.84
90.02 -202.57 77.85
90.04 -202.60 77.85
90.13 -202.60 77.86
90.12 -202.55 77.88
90.14 -202.70 77.89
90.16 -202.44 77.90
90.24 -202.78 77.91
90.24 -202.82 77.91
90.50 -202.72 77.92
90.37 -202.57 77.93
90.34 -202.91 77.94
90.47 -202.92 77.95
90.61 -202.88 77.96
90.66 -202.91 77.97
90.71 -202.91 77.98
90.79 -202.82 77.98
90.89 -202.81 77.99
90.81 -202.75 78.00
91.14 -202.73 78.01
91.00 -202.99 78.02
91.00 -203.04 78.03
91.21 -203.05 78.04
91.21 -202.90 78.05
91.27 -203.02 78.06
91.35 -203.05 78.07
91.27 -202.94 78.08
91.19 -203.06 78.08
91.16 -203.14 78.08
91.26 -203.19 78.09
91.23 -202.93 78.10
91.26 -203.01 78.11
91.08 -203.14 78.12
91.23 -203.25 78.12
91.03 -203.28 78.12
90.97 -203.30 78.11
90.97 -203.17 78.12
91.03 -203.14 78.11
90.78 -203.29 78.11
90.69 -203.27 78.10
90.75 -203.39 78.11
90.61 -203.34 78.11
90.58 -203.38 78.11
90.48 -203.29 78.11
90.33 -203.19 78.12
90.24 -203.28 78.12
90.17 -203.28 78.12
90.13 -203.27 78.11
90.11 -203.31 78.10
90.21 -203.56 78.09
89.97 -203.44 78.07
89.98 -203.56 78.05
89.76 -203.43 78.05
89.81 -203.61 78.07
89.66 -203.59 78.07
89.46 -203.49 78.08
89.51 -203.57 78.13
89.46 -203.27 78.16
89.53 -203.49 78.17
89.44 -203.06 78.20
89.22 -203.40 78.18
89.46 -203.32 78.22
89.20 -203.22 78.24
89.49 -203.21 78.26
89.34 -203.25 78.28
89.20 -203.18 78.28
89.40 -203.22 78.29
89.23 -203.13 78.30
89.63 -203.17 78.33
89.63 -203.18 78.34
89.70 -203.22 78.36
89.97 -203.18 78.38
90.01 -203.16 78.40
90.11 -203.05 78.39
90.56 -203.19 78.40
90.19 -203.49 78.41
90.41 -203.61 78.42
90.43 -203.71 78.44
90.43 -203.76 78.45
90.42 -203.86 78.45
90.38 -204.03 78.46
90.52 -203.98 78.47
90.54 -203.99 78.48
90.53 -204.08 78.49
90.60 -203.97 78.50
90.59 -204.04 78.50
90.47 -204.27 78.51
90.55 -204.28 78.52
90.53 -204.33 78.53
90.56 -204.32 78.53
90.64 -204.35 78.54
90.62 -204.44 78.55
90.74 -204.39 78.56
90.78 -204.44 78.56
90.80 -204.52 78.57
90.76 -204.58 78.58
90.80 -204.67 78.59
90.90 -204.68 78.60
91.01 -204.68 78.61
91.02 -204.64 78.62
91.09 -204.82 78.62
91.16 -204.72 78.63
91.41 -204.70 78.64
91.29 -204.79 78.64
91.59 -204.70 78.65
91.65 -204.68 78.66
91.43 -204.86 78.67
91.56 -204.89 78.68
91.60 -204.93 78.69
91.50 -204.85 78.70
91.48 -204.79 78.71
91.74 -204.88 78.73
91.71 -204.89 78.74
91.83 -204.83 78.75
91.55 -204.95 78.76
91.56 -204.99 78.77
91.48 -204.90 78.78
91.43 -204.99 78.79
91.57 -205.03 78.80
91.70 -204.95 78.81
91.51 -205.08 78.82
91.49 -205.13 78.83
91.61 -204.98 78.83
91.58 -205.16 78.84
91.67 -205.10 78.84
91.43 -205.14 78.85
91.38 -205.14 78.85
91.36 -205.15 78.86
91.36 -205.13 78.86
91.37 -204.97 78.88
91.28 -205.09 78.88
91.24 -205.31 78.88
91.15 -205.25 78.89
90.97 -205.19 78.90
90.94 -205.22 78.89
90.89 -205.28 78.90
90.82 -205.29 78.89
90.76 -205.35 78.88
90.73 -205.42 78.88
90.58 -205.38 78.88
90.55 -205.46 78.88
90.38 -205.44 78.88
90.24 -205.42 78.87
90.09 -205.38 78.86
90.06 -205.41 78.86
90.08 -205.49 78.87
89.99 -205.50 78.89
90.07 -205.62 78.89
89.83 -205.51 78.91
89.85 -205.62 78.92
89.94 -205.69 78.95
89.88 -205.68 78.98
89.55 -205.54 79.01
89.60 -205.62 79.02
89.57 -205.63 79.03
89.59 -205.73 79.04
89.49 -205.72 79.05
89.75 -205.68 79.07
89.60 -205.68 79.09
89.61 -205.68 79.09
89.61 -205.65 79.11
89.59 -205.78 79.11
89.61 -205.78 79.12
89.58 -205.73 79.13
89.83 -205.66 79.14
89.91 -205.71 79.15
89.94 -205.69 79.16
90.16 -205.77 79.17
90.35 -205.76 79.17
90.47 -205.69 79.18
90.88 -205.76 79.19
90.96 -205.81 79.19
91.16 -205.79 79.20
91.06 -206.01 79.21
91.13 -206.00 79.21
91.21 -206.04 79.22
91.26 -206.08 79.23
91.28 -206.16 79.23
91.38 -206.11 79.24
91.39 -206.20 79.25
91.32 -206.27 79.25
91.44 -206.21 79.26
91.45 -206.21 79.26
91.52 -206.21 79.27
91.55 -206.29 79.27
91.64 -206.28 79.28
91.56 -206.43 79.29
91.84 -206.27 79.30
91.70 -206.42 79.31
91.91 -206.39 79.32
91.97 -206.36 79.33
91.96 -206.36 79.33
92.04 -206.56 79.34
92.21 -206.29 79.35
92.36 -206.50 79.36
92.19 -206.63 79.37
92.41 -206.55 79.39
92.53 -206.75 79.40
92.55 -206.79 79.41
92.75 -206.74 79.42
92.68 -206.79 79.42
92.60 -206.68 79.43
92.84 -206.68 79.44
92.77 -206.66 79.45
92.76 -206.71 79.46
92.81 -206.65 79.47
92.75 -206.71 79.48
92.84 -206.68 79.49
92.74 -206.85 79.50
92.74 -206.87 79.50
92.88 -206.97 79.51
93.03 -206.80 79.52
92.96 -206.90 79.52
92.91 -206.96 79.52
93.06 -206.96 79.54
93.05 -207.08 79.55
93.11 -207.10 79.56
93.08 -207.05 79.56
93.24 -207.03 79.56
93.23 -207.23 79.56
93.21 -207.21 79.56
93.26 -207.17 79.58
93.20 -207.19 79.60
93.20 -207.18 79.62
93.13 -207.18 79.63
93.13 -207.18 79.64
92.91 -207.07 79.65
92.96 -207.13 79.64
92.89 -207.08 79.63
92.77 -207.21 79.63
92.72 -207.27 79.61
92.72 -207.37 79.60
92.58 -207.35 79.59
92.47 -207.36 79.59
92.41 -207.38 79.59
92.34 -207.46 79.58
92.22 -207.45 79.58
92.22 -207.58 79.57
92.14 -207.61 79.57
92.03 -207.62 79.58
91.97 -207.66 79.59
91.90 -207.70 79.60
91.73 -207.58 79.61
91.79 -207.74 79.62
91.75 -207.67 79.62
91.79 -207.85 79.63
91.79 -207.87 79.64
91.66 -207.83 79.65
91.82 -207.73 79.67
91.57 -207.84 79.68
91.57 -207.92 79.67
91.49 -207.91 79.69
91.44 -207.76 79.71
91.42 -207.74 79.72
91.39 -207.70 79.75
91.25 -207.67 79.77
91.21 -207.59 79.78
91.11 -207.50 79.80
91.07 -207.54 79.83
91.11 -207.59 79.87
91.09 -207.46 79.88
91.13 -207.71 79.90
91.20 -207.74 79.91
91.32 -207.86 79.91
91.19 -207.84 79.91
91.30 -207.91 79.93
91.46 -207.97 79.94
91.25 -208.08 79.94
91.25 -208.10 79.94
91.32 -208.17 79.95
91.38 -208.18 79.95
91.29 -208.12 79.95
91.41 -208.11 79.96
91.49 -208.11 79.98
91.43 -208.20 79.98
91.63 -208.03 79.99
91.61 -208.09 80.00
91.73 -208.01 80.01
91.69 -208.10 80.01
91.78 -208.08 80.01
91.76 -208.21 80.02
91.87 -208.12 80.03
91.89 -208.23 80.03
92.03 -208.13 80.05
92.00 -208.30 80.06
92.03 -208.36 80.07
92.17 -208.28 80.08
92.14 -208.35 80.09
92.28 -208.35 80.09
92.26 -208.48 80.10
92.41 -208.41 80.10
92.50 -208.43 80.11
92.60 -208.42 80.12
92.65 -208.50 80.13
92.72 -208.55 80.14
92.72 -208.68 80.14
92.91 -208.60 80.15
93.02 -208.56 80.16
93.06 -208.60 80.17
93.02 -208.79 80.18
93.13 -208.74 80.18
93.45 -208.69 80.19
93.63 -208.81 80.20
93.48 -208.75 80.21
93.73 -208.88 80.22
93.70 -208.73 80.23
93.86 -208.81 80.24
93.90 -208.77 80.25
93.96 -208.86 80.26
94.08 -208.81 80.27
94.25 -208.95 80.28
94.22 -208.93 80.29
94.33 -208.92 80.30
94.34 -208.85 80.30
94.31 -208.91 80.31
94.54 -208.99 80.32
94.56 -209.06 80.33
94.58 -209.04 80.34
94.54 -208.94 80.34
94.52 -208.89 80.35
94.64 -208.65 80.36
94.38 -208.90 80.36
94.20 -208.71 80.36
94.31 -209.00 80.37
94.36 -209.09 80.37
94.43 -209.18 80.37
94.42 -209.19 80.38
94.40 -209.21 80.38
94.30 -209.16 80.38
94.27 -209.17 80.38
94.28 -209.19 80.38
94.27 -209.25 80.37
94.24 -209.29 80.38
94.23 -209.33 80.38
94.25 -209.38 80.38
94.23 -209.43 80.38
94.36 -209.41 80.38
94.25 -209.51 80.39
94.23 -209.49 80.39
94.04 -209.47 80.40
94.09 -209.59 80.41
94.24 -209.57 80.42
94.11 -209.68 80.43
94.05 -209.68 80.45
94.04 -209.77 80.46
93.94 -209.73 80.49
94.01 -209.80 80.50
93.70 -209.59 80.51
94.06 -209.77 80.54
93.94 -209.81 80.55
93.67 -209.81 80.55
93.75 -209.96 80.56
93.85 -209.81 80.57
93.80 -209.87 80.58
93.94 -209.71 80.58
93.86 -209.79 80.59
93.86 -209.77 80.59
93.87 -209.77 80.59
93.83 -209.84 80.60
94.08 -209.63 80.61
93.82 -209.92 80.61
93.98 -209.86 80.62
93.89 -209.97 80.63
94.01 -209.90 80.64
94.03 -209.94 80.65
94.09 -209.95 80.67
94.04 -210.04 80.68
94.08 -210.04 80.69
94.06 -210.03 80.70
94.12 -209.92 80.72
94.17 -209.79 80.73
94.09 -209.93 80.74
94.15 -209.93 80.75
94.16 -210.00 80.76
94.31 -209.97 80.77
94.37 -210.10 80.77
94.43 -210.17 80.78
94.56 -210.16 80.79
94.58 -210.27 80.80
94.64 -210.32 80.80
94.72 -210.28 80.81
94.77 -210.32 80.82
94.74 -210.42 80.83
94.88 -210.36 80.84
94.99 -210.34 80.85
95.02 -210.35 80.86
95.08 -210.42 80.87
95.07 -210.56 80.88
95.04 -210.64 80.88
95.07 -210.59 80.90
95.13 -210.64 80.90
95.12 -210.61 80.91
95.21 -210.63 80.92
95.36 -210.65 80.93
95.52 -210.59 80.94
95.24 -210.54 80.95
95.48 -210.63 80.96
95.52 -210.64 80.98
95.36 -210.62 80.99
95.53 -210.69 81.00
95.40 -210.71 81.01
95.43 -210.80 81.03
95.29 -210.64 81.04
95.35 -210.71 81.05
95.43 -210.80 81.06
95.47 -210.74 81.07
95.54 -210.80 81.08
95.52 -210.83 81.09
95.58 -210.89 81.10
95.76 -210.82 81.11
95.70 -210.93 81.12
95.74 -210.93 81.13
95.57 -210.79 81.14
95.76 -210.91 81.15
95.83 -211.06 81.17
95.85 -211.03 81.18
95.88 -211.11 81.19
95.90 -211.06 81.19
95.84 -210.98 81.20
95.83 -211.10 81.21
95.92 -211.12 81.21
95.89 -211.16 81.21
95.92 -211.20 81.21
95.87 -211.18 81.21
95.80 -211.07 81.22
95.80 -211.09 81.22
95.82 -211.05 81.23
95.88 -211.17 81.24
95.93 -211.28 81.24
95.96 -211.32 81.25
95.98 -211.34 81.25
95.96 -211.31 81.25
95.91 -211.34 81.25
95.91 -211.34 81.25
95.81 -211.29 81.25
95.97 -211.46 81.25
95.89 -211.42 81.25
95.96 -211.49 81.25
96.04 -211.53 81.26
96.02 -211.58 81.28
96.18 -211.55 81.29
96.01 -211.63 81.30
95.94 -211.56 81.31
96.08 -211.74 81.31
95.90 -211.59 81.32
96.05 -211.66 81.33
96.11 -211.80 81.33
96.05 -211.72 81.34
96.13 -211.78 81.35
96.09 -211.87 81.36
96.15 -211.81 81.37
96.11 -211.85 81.37
96.16 -211.83 81.38
96.16 -211.84 81.38
96.07 -211.91 81.39
96.18 -211.85 81.40
96.06 -211.97 81.40
96.16 -211.89 81.41
96.07 -211.99 81.41
95.96 -212.06 81.42
96.15 -211.94 81.42
96.13 -211.98 81.43
95.98 -212.13 81.44
96.01 -212.09 81.45
95.98 -212.08 81.45
95.94 -212.18 81.46
95.98 -212.17 81.46
96.10 -212.10 81.47
96.02 -212.20 81.48
96.03 -212.19 81.49
95.94 -212.24 81.49
95.94 -212.26 81.50
96.00 -212.24 81.51
96.03 -212.24 81.52
95.96 -212.32 81.53
96.04 -212.25 81.53
96.06 -212.22 81.54
95.97 -212.31 81.55
95.98 -212.29 81.55
95.86 -212.40 81.56
95.83 -212.40 81.57
95.75 -212.48 81.57
95.70 -212.48 81.58
95.75 -212.48 81.59
95.75 -212.45 81.60
95.74 -212.45 81.61
95.68 -212.50 81.62
95.65 -212.51 81.63
95.56 -212.58 81.64
95.49 -212.64 81.64
95.47 -212.66 81.65
95.41 -212.69 81.66
95.38 -212.69 81.67
95.30 -212.73 81.68
95.22 -212.79 81.68
95.18 -212.82 81.69
95.11 -212.80 81.70
95.09 -212.86 81.70
95.07 -212.83 81.71
95.01 -212.87 81.71
94.99 -212.88 81.72
94.97 -212.84 81.73
94.96 -212.90 81.73
95.01 -212.89 81.74
95.02 -212.97 81.75
95.12 -212.98 81.76
95.14 -213.01 81.77
95.04 -212.99 81.77
95.08 -213.07 81.78
95.11 -213.03 81.79
95.08 -213.04 81.79
95.03 -213.12 81.80
95.08 -213.07 81.81
95.05 -213.05 81.82
95.04 -213.06 81.82
95.03 -213.00 81.83
94.96 -212.99 81.84
94.90 -212.99 81.85
94.86 -213.14 81.86
94.89 -213.15 81.87
94.94 -213.10 81.88
94.92 -213.12 81.89
94.89 -213.14 81.90
94.86 -213.18 81.91
94.83 -213.25 81.91
94.98 -213.12 81.92
94.84 -213.28 81.92
94.78 -213.35 81.93
94.85 -213.31 81.94
94.82 -213.38 81.94
94.76 -213.45 81.95
94.80 -213.41 81.95
94.72 -213.46 81.95
94.72 -213.46 81.95
94.61 -213.52 81.96
94.77 -213.47 81.97
94.66 -213.49 81.96
94.66 -213.37 81.96
94.82 -213.54 81.96
94.87 -213.55 81.96