127.20 -292.15 112.64
127.18 -292.16 112.64
127.24 -292.13 112.66
127.24 -292.21 112.67
127.25 -292.23 112.68
127.25 -292.23 112.70
127.26 -292.31 112.71
127.27 -292.33 112.72
127.25 -292.36 112.74
127.24 -292.37 112.75
127.23 -292.46 112.76
127.22 -292.45 112.78
127.26 -292.48 112.79
127.30 -292.49 112.80
127.34 -292.49 112.82
127.40 -292.49 112.83
127.46 -292.36 112.84
127.43 -292.51 112.86
127.49 -292.46 112.87
127.48 -292.54 112.88
127.52 -292.39 112.89
127.47 -292.51 112.90
127.40 -292.59 112.91
127.37 -292.67 112.92
127.39 -292.66 112.93
127.36 -292.64 112.94
127.39 -292.63 112.95
127.39 -292.64 112.97
127.26 -292.76 112.98
127.22 -292.85 112.99
127.30 -292.80 113.00
127.32 -292.84 113.01
127.42 -292.82 113.03
127.49 -292.78 113.04
127.51 -292.79 113.05
127.45 -292.89 113.06
127.49 -292.90 113.07
127.59 -292.79 113.08
127.59 -292.89 113.09
127.52 -293.02 113.10
127.58 -292.99 113.11
127.54 -292.95 113.12
127.78 -292.88 113.13
127.60 -293.10 113.14
127.72 -293.01 113.16
127.62 -292.92 113.17
127.72 -293.02 113.19
127.84 -292.90 113.20
127.78 -293.06 113.21
127.82 -293.04 113.22
127.84 -293.10 113.23
127.82 -293.15 113.24
127.84 -293.11 113.25
127.91 -293.24 113.26
127.94 -293.05 113.26
127.95 -293.00 113.27
127.87 -293.18 113.27
127.89 -293.13 113.28
127.92 -293.36 113.29
127.82 -293.23 113.31
127.85 -293.33 113.31
127.88 -293.34 113.32
127.94 -293.36 113.33
128.02 -293.37 113.34
128.15 -293.51 113.35
128.13 -293.30 113.36
128.22 -293.43 113.37
128.26 -293.55 113.37
128.26 -293.55 113.38
128.22 -293.50 113.38
128.25 -293.54 113.39
128.30 -293.65 113.41
128.17 -293.59 113.42
128.03 -293.54 113.42
128.13 -293.69 113.42
128.07 -293.49 113.42
127.90 -293.60 113.43
127.83 -293.57 113.44
127.68 -293.51 113.45
127.87 -293.61 113.46
127.70 -293.67 113.48
127.63 -293.64 113.49
127.47 -293.64 113.49
127.53 -293.80 113.50
127.41 -293.80 113.50
127.38 -293.80 113.51
127.19 -293.72 113.51
127.18 -293.74 113.52
127.31 -293.88 113.52
127.17 -293.84 113.53
127.48 -293.93 113.54
127.39 -293.83 113.54
127.33 -293.83 113.55
127.37 -293.89 113.55
127.52 -293.69 113.56
127.54 -293.78 113.56
127.60 -293.78 113.57
127.75 -293.66 113.57
127.57 -293.81 113.58
127.55 -293.86 113.59
127.54 -293.94 113.59
127.67 -293.83 113.60
127.48 -293.91 113.61
127.47 -293.94 113.62
127.36 -294.02 113.63
127.22 -294.13 113.64
127.17 -294.18 113.66
127.05 -294.26 113.67
127.03 -294.29 113.67
126.98 -294.41 113.68
127.11 -294.32 113.68
127.21 -294.36 113.69
127.18 -294.42 113.70
127.25 -294.44 113.70
127.36 -294.39 113.71
127.10 -294.62 113.72
127.22 -294.63 113.73
127.25 -294.69 113.75
127.47 -294.40 113.76
127.35 -294.71 113.78
127.42 -294.71 113.79
127.43 -294.78 113.81
127.42 -294.74 113.83
127.46 -294.64 113.84
127.32 -294.76 113.86
127.42 -294.75 113.87
127.47 -294.90 113.89
127.56 -294.89 113.90
127.56 -294.80 113.92
127.55 -294.68 113.93
127.63 -294.65 113.95
127.74 -294.67 113.96
127.75 -294.83 113.97
127.75 -294.56 113.99
127.97 -294.61 114.00
127.95 -294.55 114.01
127.84 -294.62 114.02
128.12 -294.49 114.03
128.15 -294.44 114.04
128.08 -294.45 114.04
127.97 -294.43 114.05
127.87 -294.91 114.06
127.72 -294.98 114.07
127.78 -295.20 114.08
127.86 -295.29 114.08
127.69 -295.20 114.08
127.81 -295.23 114.10
127.71 -295.25 114.11
127.59 -295.20 114.12
127.64 -295.25 114.13
127.64 -295.30 114.13
127.55 -295.19 114.14
127.54 -295.31 114.14
127.45 -295.28 114.14
127.46 -295.32 114.15
127.50 -295.46 114.16
127.38 -295.50 114.16
127.29 -295.46 114.15
127.21 -295.46 114.15
127.04 -295.51 114.16
126.97 -295.54 114.17
126.83 -295.55 114.17
126.73 -295.53 114.19
126.61 -295.33 114.19
126.60 -295.39 114.21
126.53 -295.56 114.20
126.29 -295.30 114.19
126.32 -295.38 114.22
126.43 -295.23 114.24
126.23 -295.19 114.23
126.38 -295.20 114.23
126.44 -295.37 114.23
126.36 -295.19 114.23
126.43 -295.21 114.25
126.58 -295.26 114.26
126.49 -295.18 114.27
126.69 -295.34 114.29
126.52 -295.36 114.30
126.56 -295.36 114.31
126.65 -295.37 114.33
126.74 -295.40 114.35
126.95 -295.39 114.37
127.40 -295.58 114.39
127.62 -295.47 114.38
127.56 -295.85 114.38
127.90 -295.82 114.39
128.04 -295.90 114.39
128.28 -295.77 114.39
128.48 -295.77 114.40
128.39 -295.93 114.40
128.53 -295.95 114.41
128.67 -295.88 114.41
128.56 -296.03 114.42
128.70 -295.87 114.44
128.62 -296.01 114.45
128.69 -295.96 114.46
128.66 -296.02 114.47
128.62 -296.00 114.48
128.59 -296.12 114.49
128.51 -296.23 114.50
128.45 -296.30 114.51
128.53 -296.30 114.52
128.57 -296.27 114.53
128.69 -296.36 114.53
128.64 -296.48 114.54
128.77 -296.46 114.55
128.78 -296.55 114.57
128.92 -296.51 114.57
129.08 -296.45 114.59
128.89 -296.72 114.59
129.32 -296.49 114.61
129.08 -296.66 114.62
129.59 -296.52 114.63
129.38 -296.43 114.65
129.53 -296.62 114.67
129.65 -296.79 114.68
129.53 -296.80 114.69
129.68 -296.92 114.71
129.60 -296.62 114.72
129.84 -296.86 114.74
129.82 -296.72 114.75
130.10 -296.51 114.77
130.08 -296.50 114.78
130.07 -296.71 114.79
130.28 -296.60 114.80
130.26 -296.65 114.81
130.11 -296.56 114.82
130.30 -296.48 114.84
130.46 -296.38 114.85
130.48 -296.34 114.86
130.47 -296.29 114.87
130.28 -296.67 114.87
130.45 -296.75 114.89
130.17 -296.99 114.90
130.14 -297.03 114.91
129.99 -296.83 114.92
129.96 -296.96 114.93
129.84 -296.97 114.94
129.86 -296.96 114.94
129.66 -296.98 114.95
129.70 -297.17 114.94
129.71 -297.09 114.94
129.62 -297.24 114.97
129.54 -297.15 114.97
129.42 -297.15 114.96
129.34 -297.27 114.97
129.35 -297.24 114.97
129.21 -297.30 114.97
129.03 -297.23 114.97
128.90 -297.10 114.95
128.98 -297.10 114.93
128.85 -297.06 114.95
128.64 -296.58 114.90
129.01 -297.01 114.92
128.91 -296.96 114.93
128.97 -296.96 114.94
129.01 -296.94 114.95
128.99 -296.98 114.95
129.20 -296.99 114.97
129.25 -297.03 114.98
129.25 -297.04 115.00
129.47 -297.08 115.01
129.45 -297.11 115.03
129.76 -297.28 115.02
129.81 -297.41 115.04
129.83 -297.54 115.06
130.03 -297.61 115.07
130.19 -297.67 115.08
130.39 -297.71 115.09
130.52 -297.70 115.10
130.79 -297.55 115.11
130.71 -297.74 115.12
130.83 -297.62 115.13
130.85 -297.69 115.13
130.86 -297.72 115.14
130.86 -297.78 115.14
130.86 -297.79 115.16
130.76 -297.85 115.17
130.71 -297.89 115.18
130.60 -297.94 115.19
130.66 -297.95 115.19
130.62 -298.04 115.20
130.71 -298.01 115.20
130.71 -298.03 115.22
130.52 -298.12 115.23
130.76 -298.12 115.24
130.72 -298.09 115.25
130.70 -298.27 115.27
130.87 -298.18 115.28
130.75 -298.27 115.29
130.81 -298.19 115.31
130.81 -298.13 115.32
130.94 -298.35 115.34
130.81 -298.19 115.35
130.85 -298.39 115.35
130.86 -298.38 115.37
130.71 -298.27 115.39
130.89 -298.39 115.41
130.86 -298.30 115.42
131.05 -298.29 115.44
130.98 -298.30 115.45
131.08 -298.50 115.46
131.23 -298.26 115.47
131.03 -298.44 115.48
131.05 -298.43 115.49
131.23 -298.25 115.50
131.30 -298.26 115.51
131.23 -298.29 115.53
131.14 -297.92 115.53
131.05 -298.52 115.53
131.23 -298.40 115.55
131.10 -298.62 115.57
131.00 -298.65 115.57
130.93 -298.51 115.57
131.05 -298.74 115.57
131.08 -298.76 115.58
130.97 -298.50 115.60
130.89 -298.69 115.60
130.92 -298.48 115.61
130.74 -298.71 115.62
130.84 -298.87 115.61
130.63 -298.74 115.62
130.51 -298.75 115.60
130.51 -298.73 115.60
130.49 -298.92 115.60
130.51 -299.01 115.61
130.40 -298.98 115.62
130.24 -299.02 115.61
130.25 -299.13 115.61
130.25 -299.19 115.62
129.99 -299.04 115.61
130.06 -299.24 115.63
130.14 -299.27 115.63
130.13 -299.13 115.60
129.92 -299.14 115.60
129.65 -299.15 115.57
129.80 -299.10 115.58
129.65 -299.24 115.62
129.65 -298.99 115.61
129.77 -298.91 115.61
129.49 -299.07 115.61
129.78 -298.86 115.62
129.92 -298.91 115.63
129.70 -298.81 115.64
130.04 -298.81 115.66
129.75 -298.89 115.67
129.69 -298.96 115.67
129.87 -298.98 115.66
129.96 -299.01 115.68
130.20 -299.08 115.68
130.43 -299.21 115.70
130.68 -299.36 115.72
130.98 -299.57 115.72
131.29 -299.48 115.73
131.39 -299.47 115.74
131.40 -299.52 115.74
131.48 -299.10 115.74
131.43 -299.45 115.75
131.40 -299.45 115.76
131.32 -299.45 115.77
131.19 -299.69 115.78
131.16 -299.91 115.80
131.14 -299.96 115.81
131.18 -299.78 115.82
131.24 -299.82 115.83
131.28 -299.92 115.84
131.40 -299.85 115.85
131.34 -300.03 115.85
131.36 -300.12 115.86
131.33 -300.05 115.87
131.55 -300.12 115.88
131.59 -300.04 115.89
131.72 -300.09 115.90
131.61 -300.24 115.91
131.51 -300.15 115.91
131.92 -300.21 115.93
131.95 -300.19 115.94
132.04 -300.19 115.95
131.98 -300.34 115.96
132.04 -300.34 115.98
131.90 -300.33 115.98
131.94 -300.35 115.99
132.16 -300.35 116.00
132.25 -300.32 116.01
132.26 -300.24 116.03
132.26 -300.34 116.04
132.41 -300.12 116.05
132.28 -300.22 116.06
132.43 -300.15 116.07
132.28 -300.48 116.08
132.33 -300.56 116.08
132.32 -300.57 116.09
132.36 -300.60 116.10
132.41 -300.54 116.12
132.34 -300.63 116.13
132.29 -300.60 116.14
132.30 -300.63 116.15
132.33 -300.64 116.16
132.22 -300.64 116.16
132.17 -300.60 116.16
132.18 -300.73 116.18
132.13 -300.70 116.18
131.99 -300.71 116.18
132.02 -300.71 116.18
131.88 -300.75 116.18
131.90 -300.84 116.19
131.85 -300.86 116.19
131.92 -301.00 116.21
131.78 -300.93 116.22
131.64 -300.88 116.22
131.66 -300.98 116.23
131.72 -301.12 116.24
131.75 -301.23 116.24
131.61 -301.15 116.25
131.48 -301.09 116.25
131.70 -301.17 116.24
131.44 -301.09 116.24
131.46 -301.18 116.25
131.45 -301.13 116.26
131.75 -300.91 116.26
131.43 -301.05 116.26
131.67 -300.93 116.27
131.53 -300.86 116.28
131.54 -300.93 116.29
131.61 -300.84 116.30
131.59 -300.93 116.31
131.54 -300.86 116.32
131.71 -301.03 116.33
131.97 -300.89 116.34
131.78 -300.91 116.35
131.77 -301.03 116.37
131.77 -301.05 116.39
131.87 -301.26 116.40
131.82 -301.21 116.41
132.08 -301.37 116.42
132.09 -301.36 116.43
132.16 -301.30 116.43
132.12 -301.38 116.45
132.07 -301.37 116.45
131.96 -301.20 116.46
131.85 -301.41 116.47
131.68 -301.60 116.48
131.52 -301.64 116.49
131.60 -301.61 116.49
131.49 -301.78 116.50
131.62 -301.72 116.51
131.62 -301.73 116.51
131.62 -301.82 116.52
131.59 -301.89 116.53
131.85 -301.73 116.54
131.74 -301.81 116.55
131.90 -301.84 116.56
131.78 -302.07 116.57
131.88 -301.94 116.58
131.96 -302.07 116.59
132.02 -301.83 116.60
132.07 -302.10 116.60
132.06 -302.12 116.62
132.23 -302.10 116.63
132.26 -301.99 116.64
132.36 -302.10 116.65
132.47 -301.98 116.66
132.51 -302.06 116.67
132.56 -302.17 116.68
132.66 -302.14 116.69
132.55 -302.10 116.70
132.74 -302.02 116.71
132.98 -302.04 116.72
132.94 -302.01 116.73
132.85 -302.07 116.74
132.87 -302.01 116.75
132.91 -301.97 116.76
132.88 -302.19 116.77
132.92 -301.95 116.78
133.00 -302.19 116.79
132.93 -302.51 116.80
132.85 -302.49 116.79
132.87 -302.56 116.80
132.68 -302.38 116.80
132.76 -302.51 116.82
132.71 -302.51 116.83
132.85 -302.57 116.83
132.82 -302.60 116.85
132.61 -302.55 116.86
132.54 -302.60 116.86
132.56 -302.63 116.87
132.48 -302.67 116.87
132.38 -302.59 116.88
132.18 -302.67 116.87
132.10 -302.65 116.86
132.15 -302.77 116.86
131.93 -302.77 116.85
131.85 -302.79 116.84
131.61 -302.66 116.81
131.70 -302.72 116.79
131.51 -302.74 116.79
131.54 -302.68 116.79
131.05 -302.51 116.77
131.36 -302.50 116.77
131.20 -302.77 116.79
131.09 -302.67 116.82
130.84 -302.55 116.83
130.74 -302.44 116.80
130.64 -302.31 116.81
130.74 -302.29 116.83
130.53 -302.31 116.88
130.54 -302.29 116.91
130.52 -302.33 116.93
130.51 -302.36 116.95
130.54 -302.25 116.96
130.52 -302.24 116.98
130.60 -302.17 116.99
130.64 -302.25 116.98
131.01 -302.37 117.03
131.11 -302.55 117.07
131.17 -302.81 117.06
131.23 -302.85 117.07
131.39 -302.99 117.09
131.64 -303.09 117.11
131.68 -303.06 117.10
131.68 -303.30 117.11
131.89 -303.30 117.12
132.07 -303.45 117.13
132.16 -303.52 117.13
132.28 -303.51 117.14
132.62 -303.30 117.15
132.75 -303.03 117.15
132.65 -303.31 117.16
132.79 -303.44 117.17
132.73 -303.53 117.18
132.77 -303.58 117.19
132.85 -303.55 117.20
132.90 -303.55 117.21
132.96 -303.52 117.23
132.82 -303.66 117.23
133.01 -303.48 117.24
132.69 -303.62 117.24
132.71 -303.90 117.25
132.95 -303.63 117.26
132.90 -303.93 117.26
132.98 -303.96 117.27
132.97 -303.73 117.28
133.09 -303.72 117.30
133.30 -303.82 117.31
133.28 -303.59 117.33
133.34 -303.70 117.34
133.43 -303.73 117.35
133.59 -303.73 117.36
133.32 -303.81 117.37
133.63 -303.72 117.38
133.52 -303.80 117.40
133.64 -303.98 117.41
133.63 -303.64 117.43
133.56 -303.75 117.43
133.71 -303.79 117.45
133.43 -304.03 117.45
133.44 -304.21 117.45
133.52 -304.33 117.44
133.53 -304.31 117.45
133.34 -304.24 117.45
133.41 -304.34 117.47
133.26 -304.30 117.47
133.18 -304.35 117.48
133.05 -304.28 117.48
133.10 -304.39 117.49
132.98 -304.40 117.49
133.01 -304.41 117.48
132.87 -304.56 117.47
132.72 -304.58 117.49
132.67 -304.50 117.49
132.55 -304.66 117.51
132.40 -304.64 117.51
132.32 -304.68 117.49
132.25 -304.75 117.49
132.06 -304.71 117.47
131.91 -304.67 117.44
131.98 -304.82 117.41
131.95 -304.93 117.36
131.81 -304.88 117.31
131.62 -304.77 117.25
131.55 -304.49 117.20
131.41 -304.57 117.17
131.39 -304.64 117.15
131.43 -304.49 117.18
131.30 -304.72 117.23
131.31 -304.47 117.28
131.09 -304.55 117.34
131.16 -304.48 117.41
131.05 -304.04 117.47
130.92 -304.20 117.50
131.14 -304.13 117.51
131.11 -304.20 117.55
131.23 -304.20 117.63
131.10 -304.01 117.63
131.34 -304.18 117.64
131.42 -304.38 117.66
131.56 -304.41 117.66
131.67 -304.40 117.68
131.87 -304.46 117.69
131.89 -304.53 117.72
131.88 -304.72 117.74
131.96 -304.78 117.75
132.15 -304.79 117.75
132.18 -304.86 117.76
132.29 -304.76 117.78
132.57 -304.69 117.79
132.57 -304.84 117.81
132.73 -304.94 117.82
132.87 -304.96 117.82
132.89 -305.10 117.83
133.18 -305.00 117.83
133.27 -305.09 117.84
133.40 -305.10 117.85
133.47 -305.08 117.86
133.53 -305.08 117.87
133.62 -305.19 117.89
133.70 -305.19 117.90
133.51 -305.45 117.89
133.65 -305.22 117.91
133.76 -305.39 117.91
133.65 -305.55 117.92
133.81 -305.48 117.93
133.94 -305.25 117.93
134.00 -305.48 117.94
134.26 -305.38 117.95
134.06 -305.33 117.97
133.87 -305.33 117.99
134.12 -305.62 118.02
134.00 -305.76 118.04
134.16 -305.61 118.05
133.95 -305.43 118.07
134.06 -305.55 118.07
134.12 -305.66 118.08
134.30 -305.75 118.10
134.26 -305.58 118.11
134.20 -305.56 118.13
134.16 -305.56 118.15
133.99 -305.72 118.16
134.08 -305.61 118.18
133.92 -305.39 118.19
133.99 -305.93 118.19
133.90 -305.84 118.19
133.80 -305.93 118.20
133.81 -305.95 118.20
133.74 -305.96 118.20
133.77 -306.03 118.22
133.76 -306.07 118.24
133.80 -306.11 118.25
133.68 -306.10 118.26
133.81 -306.11 118.26
133.77 -306.30 118.24
133.73 -306.32 118.24
133.55 -306.26 118.25
133.65 -306.45 118.25
133.51 -306.40 118.25
133.39 -306.38 118.26
133.42 -306.49 118.26
133.29 -306.48 118.24
133.31 -306.60 118.24
133.19 -306.47 118.23
133.24 -306.76 118.23
133.01 -306.63 118.24
132.94 -306.55 118.23
132.79 -306.67 118.23
132.68 -306.64 118.23
132.63 -306.57 118.23
132.65 -306.66 118.23
132.50 -306.64 118.21
132.50 -306.62 118.20
132.34 -306.50 118.21
132.35 -306.51 118.22
132.24 -306.44 118.22
132.35 -306.58 118.23
132.25 -306.40 118.23
132.09 -306.53 118.23
132.21 -306.42 118.24
132.01 -306.40 118.27
132.34 -306.43 118.30
132.43 -306.53 118.32
132.32 -306.61 118.32
132.41 -306.56 118.33
132.54 -306.50 118.34
132.41 -306.59 118.36
132.45 -306.64 118.38
132.41 -306.64 118.39
132.61 -306.66 118.41
132.31 -306.68 118.42
132.56 -306.68 118.43
132.45 -306.72 118.46
132.69 -306.76 118.47
132.83 -306.73 118.49
132.85 -306.81 118.51
133.03 -306.82 118.52
133.26 -306.90 118.52
133.22 -307.11 118.53
133.44 -307.01 118.55
133.51 -307.10 118.56
133.64 -307.09 118.57
133.69 -307.15 118.58
133.74 -307.21 118.58
133.87 -307.19 118.59
133.84 -307.30 118.60
133.90 -307.34 118.61
133.86 -307.33 118.62
133.94 -307.47 118.63
134.01 -307.48 118.64
134.08 -307.44 118.64
134.12 -307.56 118.65
134.18 -307.59 118.66
134.37 -307.41 118.67
134.39 -307.54 118.69
134.36 -307.59 118.70
134.45 -307.66 118.71
134.64 -307.58 118.72
134.61 -307.63 118.73
134.66 -307.75 118.74
134.74 -307.67 118.75
134.86 -307.63 118.77
135.07 -307.56 118.78
135.02 -307.63 118.79
134.94 -307.70 118.81
135.12 -307.78 118.82
135.12 -307.68 118.84
135.21 -307.71 118.85
135.08 -307.81 118.87
135.13 -307.72 118.89
135.17 -307.59 118.90
135.27 -307.68 118.91
135.24 -307.69 118.93
135.32 -307.85 118.94
135.19 -307.74 118.95
135.15 -307.81 118.96
134.99 -307.78 118.96
134.89 -308.03 118.98
134.95 -308.09 118.98
135.11 -308.04 119.00
134.90 -308.17 119.01
134.80 -308.10 119.02
134.84 -308.12 119.04
134.89 -308.07 119.06
134.74 -308.15 119.06
134.79 -308.20 119.07
134.56 -308.07 119.06
134.61 -308.09 119.08
134.52 -308.08 119.08
134.41 -308.12 119.09
134.39 -308.10 119.10
134.36 -308.11 119.10
134.32 -308.16 119.09
134.41 -308.27 119.09
134.43 -308.35 119.09
134.38 -308.30 119.09
134.31 -308.25 119.09
134.32 -308.42 119.09
134.32 -308.51 119.10
134.23 -308.48 119.10
134.16 -308.48 119.11
134.20 -308.53 119.13
134.11 -308.53 119.13
134.05 -308.53 119.13
134.25 -308.75 119.12
134.19 -308.73 119.12
134.25 -308.80 119.14
134.42 -308.83 119.15
134.18 -308.77 119.16
134.28 -308.85 119.16
134.15 -308.72 119.15
134.12 -308.57 119.13
134.44 -308.51 119.11
134.28 -308.53 119.12
134.24 -308.43 119.16
134.34 -308.34 119.16
134.30 -308.35 119.16
134.64 -308.25 119.16
134.35 -308.17 119.16
134.59 -308.29 119.17
134.94 -308.23 119.19
134.71 -308.57 119.17
134.99 -308.43 119.18
134.87 -308.59 119.20
135.10 -308.59 119.21
135.16 -308.71 119.22
135.37 -308.75 119.24
135.51 -308.70 119.24
135.54 -308.82 119.26
135.62 -308.80 119.27
135.55 -308.95 119.29
135.48 -309.03 119.30
135.45 -309.10 119.32
135.47 -309.11 119.33
135.48 -309.10 119.34
135.41 -309.07 119.35
135.47 -309.15 119.36
135.45 -309.32 119.37
135.57 -309.25 119.38
135.64 -309.26 119.39
135.60 -309.40 119.41
135.57 -309.53 119.42
135.63 -309.46 119.43
135.73 -309.54 119.44
135.79 -309.59 119.44
135.92 -309.55 119.46
135.79 -309.76 119.47
135.87 -309.69 119.48
136.02 -309.70 119.49
136.01 -309.67 119.50
136.29 -309.54 119.52
135.99 -309.58 119.54
136.19 -309.62 119.55
136.32 -309.70 119.57
136.21 -309.70 119.58
136.19 -309.56 119.60
136.23 -309.63 119.60
136.19 -309.62 119.62
136.30 -309.75 119.64
135.95 -309.67 119.65
135.93 -309.64 119.66
135.76 -309.59 119.68
136.19 -309.95 119.69
136.07 -309.81 119.71
136.30 -309.84 119.73
136.15 -309.80 119.73
136.09 -309.69 119.75
135.83 -309.66 119.76
135.89 -309.96 119.76
135.89 -309.95 119.77
135.94 -309.96 119.79
136.09 -310.02 119.81
135.93 -310.02 119.82
135.78 -310.03 119.83
135.77 -310.02 119.85
135.56 -309.96 119.87
135.51 -309.95 119.87
135.41 -309.92 119.88
135.43 -310.00 119.88
135.40 -310.02 119.88
135.29 -310.09 119.87
135.21 -310.07 119.88
135.19 -310.17 119.88
135.02 -310.02 119.88
135.09 -310.26 119.89
134.87 -310.07 119.89
134.81 -310.22 119.88
134.68 -310.19 119.88
134.75 -310.38 119.87
134.68 -310.43 119.89
134.79 -310.48 119.90
134.55 -310.44 119.90
134.74 -310.35 119.89
134.61 -310.54 119.90
134.21 -310.38 119.90
134.51 -310.52 119.91
134.58 -310.45 119.91
134.36 -310.49 119.91
134.44 -310.34 119.93
134.32 -310.48 119.92
134.53 -310.47 119.92
134.40 -310.60 119.93
134.46 -310.53 119.94
134.60 -310.61 119.94
134.68 -310.64 119.95
134.93 -310.65 119.96
134.80 -310.80 119.97
134.79 -310.73 119.97
134.89 -310.75 119.97
134.95 -310.79 119.98
135.14 -310.81 119.99
135.03 -310.81 120.00
135.25 -310.83 120.00
135.39 -310.88 120.00
135.41 -310.93 120.01
135.53 -310.99 120.02
135.60 -311.01 120.02
135.65 -311.08 120.03
135.89 -310.95 120.04
135.96 -310.95 120.05
136.05 -310.86 120.06
136.05 -311.01 120.07
136.05 -311.07 120.09
136.10 -311.02 120.10
136.02 -311.18 120.11
136.01 -311.23 120.12
135.95 -311.33 120.14
136.11 -311.24 120.15
136.03 -311.37 120.17
136.07 -311.36 120.18
136.06 -311.44 120.18
136.14 -311.43 120.19
136.21 -311.43 120.20
136.23 -311.38 120.21
136.32 -311.45 120.22
136.29 -311.55 120.23
136.31 -311.61 120.24
136.24 -311.70 120.25
136.21 -311.63 120.27
136.36 -311.60 120.28
136.30 -311.68 120.29
136.48 -311.69 120.30
136.46 -311.74 120.31
136.60 -311.68 120.32
136.53 -311.78 120.34
136.76 -311.58 120.35
136.49 -311.81 120.36
136.62 -311.72 120.37
136.52 -311.73 120.39
136.59 -311.66 120.40
136.36 -311.79 120.41
136.37 -311.85 120.42
136.26 -311.91 120.44
136.39 -311.97 120.45
136.17 -311.89 120.46
136.19 -311.78 120.48
136.08 -311.78 120.49
135.92 -311.76 120.51
135.73 -311.70 120.51
135.64 -311.65 120.52
135.55 -311.68 120.53
135.62 -311.83 120.53
135.57 -311.83 120.53
135.52 -311.82 120.53
135.46 -311.85 120.54
135.43 -311.87 120.53
135.46 -311.94 120.53
135.45 -312.00 120.54
135.36 -311.97 120.54
135.28 -312.00 120.54
135.14 -311.97 120.55
135.12 -312.05 120.56
135.16 -312.16 120.56
135.21 -312.27 120.56
135.40 -312.33 120.56
135.21 -312.32 120.56
135.16 -312.33 120.56
135.28 -312.41 120.56
135.36 -312.32 120.57
135.38 -312.31 120.58
135.53 -312.23 120.59
135.66 -312.11 120.59
135.67 -312.24 120.59
135.47 -312.38 120.59
135.68 -312.43 120.60
135.68 -312.49 120.60
135.76 -312.46 120.61