0.35 -4.61 0.39
0.43 -4.64 0.40
0.37 -4.59 0.40
0.45 -4.68 0.42
0.54 -4.60 0.43
0.50 -4.79 0.45
0.47 -4.78 0.46
0.47 -4.81 0.47
0.47 -4.83 0.49
0.53 -4.89 0.50
0.58 -4.65 0.51
0.61 -4.97 0.53
0.60 -4.86 0.54
0.58 -4.90 0.55
0.62 -5.02 0.56
0.61 -5.01 0.58
0.55 -5.06 0.59
0.59 -5.07 0.60
0.50 -5.06 0.62
0.53 -5.09 0.63
0.55 -5.12 0.64
0.63 -5.25 0.66
0.44 -5.06 0.67
0.34 -5.00 0.68
0.43 -5.11 0.69
0.63 -5.39 0.71
0.76 -5.22 0.73
0.74 -5.37 0.74
0.56 -5.31 0.75
0.46 -5.46 0.76
0.42 -5.44 0.76
0.14 -5.47 0.77
0.24 -5.52 0.78
0.24 -5.51 0.80
0.10 -5.56 0.81
0.20 -5.49 0.82
0.21 -5.52 0.84
0.18 -5.56 0.85
0.04 -5.71 0.86
-0.10 -5.75 0.87
-0.12 -5.72 0.89
-0.10 -5.92 0.90
-0.17 -5.76 0.91
-0.24 -5.61 0.92
-0.22 -5.84 0.94
-0.23 -5.99 0.96
-0.26 -6.04 0.97
-0.33 -6.09 0.98
-0.41 -6.16 0.99
-0.38 -6.14 1.00
-0.34 -6.18 1.01
-0.42 -6.29 1.03
-0.38 -6.26 1.04
-0.34 -6.30 1.05
-0.36 -6.39 1.06
-0.27 -6.23 1.08
-0.17 -6.36 1.10
-0.09 -6.35 1.11
0.01 -6.33 1.12
-0.12 -6.54 1.14
-0.09 -6.60 1.15
-0.02 -6.45 1.16
0.10 -6.53 1.17
0.01 -6.62 1.18
-0.11 -6.57 1.19
-0.21 -6.50 1.20
-0.12 -6.75 1.22
-0.16 -6.69 1.23
-0.07 -6.68 1.25
-0.00 -6.38 1.26
0.08 -6.82 1.28
0.14 -6.73 1.29
0.25 -7.04 1.30
0.06 -6.86 1.31
0.09 -6.85 1.31
0.16 -6.86 1.32
0.13 -6.85 1.33
0.36 -7.01 1.34
0.31 -7.09 1.36
0.51 -6.92 1.36
0.58 -7.14 1.35
0.75 -7.28 1.37
0.90 -7.17 1.38
0.69 -7.23 1.40
0.66 -7.20 1.41
0.78 -7.22 1.42
0.91 -7.27 1.43
0.87 -7.12 1.44
0.84 -7.43 1.45
0.71 -7.37 1.45
0.59 -7.11 1.46
0.60 -7.25 1.47
0.40 -7.44 1.48
0.59 -7.32 1.49
0.46 -7.30 1.50
0.54 -7.40 1.51
0.32 -7.47 1.53
0.17 -7.43 1.54
0.23 -7.45 1.55
0.42 -7.63 1.56
0.47 -7.56 1.58
0.40 -7.39 1.59
0.58 -7.49 1.60
0.92 -7.56 1.61
1.06 -7.63 1.63
1.36 -7.61 1.64
1.47 -7.67 1.64
1.52 -7.70 1.65
1.71 -7.70 1.66
1.57 -7.61 1.67
1.72 -7.70 1.68
1.54 -7.71 1.70
1.58 -7.37 1.69
1.35 -7.64 1.71
1.06 -7.96 1.72
0.95 -7.95 1.73
0.84 -7.85 1.75
0.70 -7.95 1.76
0.50 -8.10 1.77
0.31 -7.70 1.79
-0.11 -8.29 1.80
-0.40 -8.24 1.81
-0.77 -8.14 1.82
-1.03 -7.57 1.82
-1.09 -7.99 1.83
-1.10 -7.86 1.85
-1.07 -8.13 1.87
-1.27 -8.26 1.88
-1.22 -8.46 1.89
-1.35 -8.10 1.91
-1.28 -8.17 1.92
-1.08 -8.01 1.93
-0.77 -7.90 1.95
-0.58 -7.95 1.95
-0.37 -8.13 1.97
-0.07 -8.57 1.99
-0.30 -8.15 2.01
0.05 -8.91 2.03
-0.31 -8.37 2.02
0.53 -8.69 2.04
0.97 -8.78 2.04
1.40 -8.98 2.06
1.76 -8.88 2.07
2.10 -9.00 2.12
2.84 -9.16 2.15
2.97 -9.28 2.17
3.44 -8.74 2.19
3.52 -9.04 2.20
3.43 -9.32 2.22
3.70 -9.24 2.25
3.92 -9.32 2.26
4.05 -8.88 2.27
3.97 -8.87 2.29
4.07 -8.94 2.30
4.17 -8.83 2.27
4.00 -8.68 2.29
4.08 -8.93 2.30
4.24 -8.84 2.32
4.10 -8.56 2.34
4.17 -9.11 2.35
3.83 -8.55 2.36
3.74 -8.84 2.37
3.66 -8.28 2.38
3.68 -8.89 2.43
3.73 -8.71 2.46
3.77 -8.85 2.50
4.28 -9.31 2.60
4.19 -8.65 2.63
4.39 -9.05 2.60
4.41 -9.38 2.60
3.50 -8.50 2.60
3.79 -9.49 2.60
2.85 -9.76 2.57
2.08 -9.33 2.56
1.32 -9.19 2.53
0.58 -9.09 2.54
0.14 -9.17 2.52
-1.43 -8.92 2.51
-1.91 -9.23 2.52
-2.34 -8.89 2.53
-2.43 -9.23 2.54
-2.23 -9.75 2.55
-2.19 -9.61 2.57
-2.00 -9.34 2.59
-1.08 -9.21 2.60
-0.43 -9.58 2.62
-0.32 -9.55 2.66
-0.24 -9.13 2.69
-0.26 -9.22 2.63
0.86 -6.84 2.41
1.68 -10.41 2.40
2.86 -10.51 2.41
3.44 -10.58 2.41
3.71 -9.31 2.45
4.29 -9.08 2.47
5.25 -9.71 2.49
5.21 -9.99 2.51
5.32 -10.30 2.52
5.90 -10.92 2.56
6.28 -10.75 2.57
6.17 -10.85 2.58
6.37 -10.81 2.58
5.75 -10.46 2.60
6.39 -10.24 2.62
6.29 -10.38 2.61
6.31 -10.49 2.63
6.30 -10.14 2.64
6.29 -10.24 2.65
6.05 -10.53 2.65
5.91 -10.47 2.67
5.91 -10.45 2.68
5.93 -10.33 2.70
6.02 -10.37 2.71
5.86 -10.14 2.72
5.77 -10.12 2.72
5.70 -9.92 2.73
5.57 -9.82 2.74
5.55 -9.96 2.72
5.45 -9.53 2.70
4.58 -5.41 2.40
5.84 -8.97 2.39
5.61 -9.23 2.38
5.47 -8.36 2.35
4.97 -8.98 2.30
4.08 -9.35 2.20
3.33 -8.64 2.11
2.93 -9.49 2.05
2.23 -10.12 1.96
1.73 -10.27 1.89
1.00 -10.30 1.83
0.78 -9.91 1.77
0.05 -10.33 1.70
0.00 -10.48 1.71
-0.38 -11.35 1.67
-0.41 -11.55 1.62
-0.44 -11.41 1.49
-0.36 -11.55 1.40
-0.03 -11.38 1.35
-0.36 -11.79 1.35
0.05 -11.31 1.35
0.90 -11.67 1.34
0.48 -11.78 1.41
0.82 -11.50 1.61
1.65 -11.30 1.81
2.49 -11.29 2.04
3.02 -12.25 2.08
3.24 -11.40 2.10
4.03 -12.32 2.13
4.71 -12.71 2.19
5.49 -11.99 2.21
5.38 -11.66 2.24
5.42 -12.03 2.26
5.45 -11.92 2.25
5.54 -12.11 2.30
5.60 -12.35 2.34
5.79 -12.37 2.35
5.37 -11.99 2.27
5.26 -12.44 2.27
5.28 -12.52 2.29
5.19 -12.59 2.30
5.19 -12.97 2.31
5.08 -12.61 2.33
4.77 -12.59 2.35
4.47 -12.58 2.36
4.68 -12.00 2.36
4.48 -12.02 2.36
4.44 -11.97 2.40
4.37 -12.05 2.42
4.56 -11.87 2.46
4.48 -11.71 2.48
4.54 -11.88 2.51
5.22 -12.57 2.51
4.89 -12.06 2.51
5.46 -12.80 2.55
5.02 -12.81 2.57
4.35 -12.73 2.57
3.44 -12.33 2.56
2.23 -12.19 2.52
-0.29 -11.99 2.49
-0.49 -11.73 2.50
-1.40 -12.29 2.53
-2.05 -12.77 2.54
-2.32 -13.14 2.55
-2.51 -13.16 2.56
-2.72 -13.31 2.58
-2.47 -13.54 2.62
-2.29 -13.43 2.64
-2.24 -13.67 2.65
-2.26 -13.57 2.66
-1.86 -13.35 2.68
-1.66 -13.29 2.65
-0.69 -13.10 2.67
-0.22 -13.09 2.69
0.78 -13.18 2.66
1.61 -13.33 2.73
1.95 -12.93 2.74
3.38 -12.84 2.77
4.26 -12.60 2.77
5.59 -13.47 2.80
5.86 -14.20 2.84
6.17 -14.14 2.88
6.65 -13.61 2.89
7.77 -14.29 2.93
8.23 -14.24 2.95
9.61 -13.23 3.07
9.37 -12.48 3.09
8.91 -13.28 3.04
9.22 -13.77 3.04
9.37 -13.61 3.08
9.26 -13.81 3.09
9.07 -13.76 3.10
8.84 -13.85 3.10
8.78 -14.05 3.10
8.67 -14.22 3.11
8.43 -14.64 3.12
8.45 -14.98 3.14
8.59 -14.85 3.16
8.72 -14.78 3.17
8.61 -14.81 3.18
8.62 -14.58 3.19
8.83 -14.20 3.21
8.59 -14.01 3.21
8.86 -13.96 3.23
8.91 -13.77 3.25
9.08 -14.17 3.28
9.05 -14.58 3.28
9.48 -15.17 3.30
9.44 -14.79 3.31
9.39 -15.52 3.31
8.89 -15.13 3.32
8.76 -15.34 3.33
7.99 -14.24 3.32
8.11 -14.34 3.33
7.73 -13.98 3.32
7.44 -14.21 3.32
7.14 -14.77 3.32
7.01 -14.79 3.34
6.89 -15.04 3.36
7.11 -15.17 3.37
7.13 -14.92 3.39
7.30 -15.06 3.41
7.40 -14.52 3.43
7.57 -15.22 3.44
7.32 -14.68 3.46
7.85 -15.37 3.47
8.42 -15.83 3.53
8.94 -16.02 3.58
9.52 -16.39 3.60
9.57 -16.25 3.55
9.83 -15.29 3.60
9.25 -15.48 3.67
8.80 -15.26 3.59
9.07 -15.80 3.52
8.73 -15.78 3.50
8.36 -15.73 3.48
8.18 -16.01 3.48
8.08 -15.97 3.50
7.78 -16.19 3.52
7.57 -15.60 3.53
7.59 -16.68 3.54
7.48 -16.15 3.55
7.35 -16.18 3.56
7.24 -15.74 3.58
7.21 -15.79 3.59
7.07 -15.87 3.61
7.03 -15.66 3.62
7.32 -15.60 3.64
7.65 -15.87 3.65
7.77 -16.30 3.71
7.24 -16.57 3.68
7.90 -16.80 3.70
8.37 -16.02 3.69
7.99 -16.10 3.71
7.43 -15.49 3.71
7.14 -15.81 3.72
6.69 -15.38 3.71
6.59 -15.71 3.73
6.66 -16.79 3.74
6.75 -15.95 3.76
7.02 -16.27 3.77
6.68 -15.68 3.78
6.67 -16.24 3.80
7.29 -17.31 3.82
6.94 -17.03 3.85
7.25 -17.18 3.86
7.35 -17.43 3.87
7.07 -17.44 3.89
7.14 -17.02 3.92
7.06 -16.79 3.92
6.93 -16.62 3.93
6.67 -16.87 3.94
6.63 -16.88 3.95
6.56 -17.10 3.95
6.21 -16.96 3.96
6.02 -17.23 3.97
5.96 -17.49 3.98
5.97 -17.86 4.00
5.93 -18.10 4.01
5.81 -18.09 4.02
5.93 -18.23 4.03
6.02 -18.20 4.05
6.02 -18.22 4.06
6.04 -18.19 4.07
6.03 -18.27 4.09
6.04 -18.35 4.10
6.06 -18.37 4.11
6.31 -18.09 4.13
6.16 -18.20 4.14
6.04 -18.26 4.15
6.17 -18.06 4.16
6.17 -18.21 4.17
6.29 -18.33 4.19
6.35 -18.21 4.20
6.44 -18.23 4.21
6.62 -18.51 4.23
6.61 -18.67 4.24
6.68 -18.48 4.26
6.80 -18.64 4.27
6.90 -18.62 4.29
6.93 -18.72 4.30
6.86 -18.73 4.32
6.76 -18.70 4.33
6.74 -18.70 4.34
6.56 -18.56 4.35
6.76 -18.78 4.37
6.76 -18.70 4.38
6.61 -18.69 4.39
6.59 -18.75 4.40
6.70 -18.92 4.42
7.03 -19.18 4.43
6.98 -19.25 4.44
6.62 -18.79 4.45
6.58 -18.65 4.47
6.43 -18.51 4.48
6.51 -18.65 4.49
6.59 -18.79 4.51
6.55 -18.83 4.52
6.56 -18.85 4.53
6.78 -19.15 4.56
7.09 -19.55 4.57
7.35 -19.32 4.58
7.40 -19.26 4.59
7.65 -19.00 4.60
7.57 -19.04 4.61
7.72 -18.84 4.62
7.41 -19.10 4.63
7.49 -19.06 4.63
7.57 -19.02 4.63
7.45 -19.21 4.64
7.08 -19.61 4.67
7.12 -19.63 4.69
7.30 -19.55 4.71
7.31 -19.61 4.73
7.23 -19.69 4.74
7.10 -19.81 4.75
7.02 -19.90 4.76
7.04 -19.90 4.78
7.06 -19.89 4.79
6.94 -20.02 4.80
7.00 -19.93 4.82
7.30 -19.71 4.83
7.28 -19.73 4.85
7.13 -19.95 4.86
7.17 -19.85 4.87
6.94 -20.12 4.88
6.88 -20.33 4.89
6.77 -20.28 4.91
6.93 -20.36 4.92
6.76 -20.29 4.93
6.91 -20.39 4.94
6.77 -20.37 4.95
6.62 -20.25 4.96
6.60 -20.25 4.97
6.81 -20.41 4.98
6.84 -20.37 5.00
6.74 -20.47 5.01
6.63 -20.39 5.02
6.62 -20.37 5.03
7.11 -20.83 5.04
7.13 -20.89 5.06
6.73 -20.58 5.07
6.99 -20.78 5.08
6.90 -20.70 5.09
7.00 -20.72 5.11
7.13 -20.81 5.13
7.01 -20.62 5.14
7.07 -20.68 5.16
6.82 -20.49 5.17
6.93 -20.69 5.19
7.02 -21.00 5.20
7.21 -21.22 5.21
7.00 -20.94 5.21
6.64 -20.85 5.22
6.93 -20.93 5.25
7.36 -20.88 5.26
7.52 -20.76 5.27
7.45 -20.77 5.29
7.28 -21.02 5.30
7.41 -21.06 5.32
7.40 -21.17 5.33
7.45 -21.20 5.34
7.39 -21.31 5.36
7.40 -21.32 5.37
7.31 -21.26 5.39
7.20 -21.04 5.41
7.05 -21.00 5.43
7.11 -20.91 5.42
7.05 -21.02 5.45
6.95 -20.74 5.44
6.93 -20.96 5.39
7.44 -21.59 5.40
7.70 -21.81 5.42
7.94 -21.93 5.43
8.01 -21.63 5.45
7.68 -20.95 5.47
7.39 -21.37 5.47
7.19 -21.21 5.48
7.21 -21.67 5.49
7.38 -21.51 5.50
7.40 -21.59 5.52
7.24 -21.88 5.53
7.02 -22.14 5.54
7.36 -22.19 5.56
7.36 -21.77 5.58
7.57 -21.40 5.59
7.53 -21.43 5.61
7.51 -21.68 5.62
7.37 -21.37 5.63
7.26 -21.98 5.64
7.00 -21.73 5.65
6.95 -21.69 5.66
7.05 -22.19 5.66
6.96 -22.54 5.68
6.83 -22.36 5.67
6.02 -21.00 5.69
6.06 -21.72 5.68
6.04 -21.97 5.69
5.73 -21.62 5.69
5.42 -21.63 5.70
5.48 -21.63 5.71
5.51 -21.67 5.73
5.43 -22.05 5.74
5.68 -22.86 5.75
5.72 -22.98 5.77
5.78 -23.04 5.78
5.85 -23.05 5.79
5.91 -22.88 5.80
6.02 -22.91 5.82
6.09 -22.89 5.83
6.13 -22.86 5.84
6.17 -22.73 5.86
6.23 -22.67 5.87
6.21 -22.60 5.88
6.19 -22.46 5.89
6.05 -22.45 5.90
6.23 -22.95 5.92
6.37 -23.25 5.93
6.56 -22.64 5.96
6.99 -22.57 5.99
7.41 -23.12 6.00
8.24 -23.52 6.04
8.55 -23.30 6.06
9.07 -23.12 6.08
9.32 -22.34 6.11
9.80 -22.04 6.13
9.92 -21.99 6.14
10.26 -22.61 6.15
9.88 -22.75 6.17
9.91 -22.83 6.17
9.70 -22.47 6.19
9.56 -22.58 6.20
9.30 -23.18 6.20
8.98 -23.45 6.21
8.64 -24.16 6.22
8.19 -23.54 6.22
7.95 -23.50 6.23
7.33 -22.59 6.24
7.55 -23.13 6.24
7.60 -23.25 6.25
7.58 -23.30 6.26
7.47 -23.44 6.27
7.61 -23.75 6.28
7.50 -24.45 6.29
7.51 -24.50 6.31
7.52 -24.52 6.32
7.55 -24.55 6.33
7.54 -24.58 6.35
7.65 -24.25 6.36
7.48 -24.57 6.37
7.33 -24.17 6.38
7.07 -23.77 6.40
6.94 -23.39 6.41
7.08 -23.35 6.43
7.41 -23.65 6.46
7.71 -23.78 6.48
8.09 -23.90 6.50
8.62 -24.30 6.50
9.26 -24.60 6.53
10.51 -24.05 6.55
10.23 -23.94 6.58
10.29 -23.95 6.59
10.41 -23.92 6.60
10.43 -23.85 6.62
10.28 -24.01 6.63
10.03 -23.99 6.64
10.13 -25.16 6.66
10.09 -24.71 6.67
10.24 -24.23 6.69
10.18 -24.17 6.69
10.00 -24.61 6.70
9.51 -24.21 6.71
9.55 -24.88 6.72
9.48 -25.23 6.73
9.45 -25.25 6.74
9.34 -25.46 6.74
8.94 -25.12 6.76
8.85 -25.32 6.77
8.72 -25.08 6.77
8.58 -24.82 6.78
8.55 -24.87 6.78
8.22 -24.53 6.79
8.12 -24.75 6.80
8.10 -24.93 6.81
7.90 -24.80 6.82
7.82 -24.96 6.83
7.99 -25.83 6.84
8.00 -25.87 6.86
8.00 -25.91 6.87
8.04 -25.97 6.88
8.05 -25.98 6.89
8.06 -26.01 6.91
8.07 -26.08 6.92
8.09 -26.10 6.93
8.09 -26.13 6.94
8.11 -26.16 6.96
8.13 -26.21 6.97
8.14 -26.26 6.98
8.16 -26.26 7.00
8.18 -26.31 7.01
8.18 -26.34 7.02
8.17 -25.48 7.03
8.01 -25.17 7.04
7.98 -25.03 7.06
8.05 -24.58 7.08
8.71 -25.14 7.11
8.79 -24.70 7.15
9.63 -25.91 7.17
10.13 -26.42 7.19
11.23 -25.27 7.21
10.99 -25.10 7.23
10.96 -25.10 7.24
11.00 -25.10 7.25
10.90 -25.29 7.26
10.95 -25.65 7.28
11.25 -25.57 7.29
11.06 -25.57 7.30
10.65 -25.81 7.30
10.28 -26.23 7.32
10.01 -26.64 7.32
9.64 -27.10 7.35
9.31 -26.53 7.36
8.92 -26.31 7.35
8.61 -26.13 7.35
8.22 -26.17 7.35
7.74 -25.86 7.36
7.50 -25.97 7.37
7.36 -26.02 7.38
7.40 -26.57 7.40
7.52 -27.11 7.41
7.73 -27.32 7.42
7.74 -27.37 7.43
7.76 -27.42 7.44
7.76 -27.46 7.45
7.82 -27.50 7.46
7.92 -27.45 7.48
7.92 -27.46 7.49
7.89 -27.53 7.51
7.89 -27.61 7.52
7.90 -27.62 7.53
7.93 -27.66 7.54
7.94 -26.53 7.56
7.62 -26.13 7.57
7.66 -25.98 7.59
8.23 -26.66 7.62
8.74 -26.11 7.65
9.38 -26.17 7.69
10.05 -27.05 7.75
10.57 -27.53 7.77
11.39 -26.84 7.80
11.90 -27.09 7.83
11.84 -26.73 7.85
11.52 -26.70 7.85
11.47 -26.72 7.85
10.63 -27.13 7.86
10.20 -27.11 7.86
9.92 -27.19 7.88
9.68 -27.36 7.89
9.54 -27.91 7.90
9.87 -27.46 7.92
10.00 -27.30 7.92
10.05 -27.38 7.94
10.15 -27.68 7.95
10.31 -27.42 7.96
9.94 -27.97 7.97
9.77 -27.75 7.99
9.78 -28.46 7.99
9.52 -28.48 8.01
9.59 -28.46 8.02
9.35 -28.68 8.03
8.92 -28.28 8.03
8.53 -28.30 8.03
8.20 -28.15 8.05
7.80 -28.11 8.05
7.37 -27.50 8.04
7.27 -27.63 8.05
7.02 -27.77 8.06
6.92 -27.81 8.07
6.84 -28.11 8.08
7.09 -29.06 8.09
7.10 -29.12 8.10
7.10 -29.14 8.12
7.04 -29.15 8.13
7.07 -29.22 8.14
7.12 -29.28 8.15
7.09 -29.29 8.17
7.10 -29.31 8.18
7.10 -29.34 8.19
7.14 -29.38 8.21
7.15 -29.42 8.22
7.16 -29.33 8.23
7.15 -29.14 8.24
7.23 -29.01 8.26
7.28 -28.81 8.27
7.23 -28.42 8.29
7.35 -28.12 8.32
7.74 -28.17 8.34
8.19 -28.39 8.37
8.79 -28.33 8.39
9.69 -29.41 8.42
10.01 -29.52 8.45
10.71 -29.55 8.47
11.27 -29.16 8.50
11.73 -28.83 8.52
11.93 -28.21 8.54
12.03 -28.00 8.55
11.46 -28.25 8.56
11.82 -28.39 8.58
12.45 -28.69 8.59
12.16 -29.30 8.60
12.08 -28.58 8.61
12.00 -29.51 8.62
11.57 -29.63 8.62
11.19 -29.95 8.62
10.79 -30.15 8.63
10.21 -30.03 8.65
9.78 -29.28 8.65
9.38 -28.85 8.66
8.99 -28.38 8.66
9.12 -28.41 8.67
9.26 -29.51 8.68
9.33 -28.78 8.70
9.48 -28.91 8.72
10.26 -29.67 8.74
11.00 -30.21 8.78
11.71 -30.55 8.80
12.07 -30.57 8.83
12.65 -29.60 8.85
13.08 -29.11 8.88
13.12 -29.25 8.89
13.01 -30.05 8.91
13.12 -29.36 8.92
12.67 -29.68 8.93
12.24 -30.15 8.93
11.84 -30.20 8.93
11.30 -30.70 8.93
10.99 -30.77 8.94
10.64 -30.63 8.94
10.32 -30.41 8.95
10.34 -30.14 8.95
10.06 -30.00 8.96
9.92 -29.87 8.97
10.03 -29.99 8.98
10.00 -30.40 8.99
10.00 -30.15 9.00
10.16 -30.05 9.03
10.58 -30.24 9.06
11.06 -30.54 9.09
11.44 -30.48 9.10
11.78 -30.85 9.12
12.32 -31.40 9.14
12.91 -30.93 9.16
13.50 -30.41 9.18
13.64 -30.09 9.21
13.56 -29.99 9.22
13.27 -30.16 9.24
13.57 -30.20 9.26
13.80 -30.37 9.26
13.33 -30.43 9.27
12.93 -30.69 9.28
12.52 -31.11 9.29
12.17 -31.97 9.29
11.47 -31.59 9.31
11.13 -31.14 9.30
10.99 -31.02 9.32
10.81 -31.23 9.32
10.79 -31.24 9.33
10.73 -31.66 9.34
10.70 -31.99 9.35
10.63 -31.86 9.36
10.63 -31.97 9.37
10.62 -32.04 9.38
10.62 -32.10 9.39
10.60 -32.19 9.41
10.62 -32.21 9.42
10.62 -32.51 9.44
10.60 -32.63 9.45
10.61 -32.67 9.46
10.60 -32.56 9.48
10.61 -32.47 9.49
10.63 -32.52 9.50
10.64 -32.10 9.51
10.77 -31.71 9.53
10.83 -31.86 9.55
11.06 -32.66 9.57
11.25 -31.89 9.59
11.67 -31.84 9.62
12.10 -32.03 9.63
12.31 -31.86 9.66
12.95 -32.75 9.69
13.30 -32.26 9.72
13.78 -31.88 9.75
14.38 -31.45 9.77
14.46 -31.49 9.79
14.42 -31.29 9.80
14.44 -33.23 9.81
14.46 -31.81 9.83
14.57 -32.37 9.84
14.25 -31.65 9.85
13.95 -32.62 9.85
13.60 -32.58 9.86
13.42 -33.08 9.87
13.15 -33.60 9.89
12.58 -33.28 9.89
12.20 -32.94 9.90
11.99 -32.98 9.89
11.88 -32.70 9.90
11.64 -32.56 9.91
11.37 -32.29 9.92
11.53 -32.21 9.93
11.24 -33.19 9.94
11.33 -32.47 9.95
11.40 -32.43 9.98
11.95 -32.77 9.98
12.19 -32.42 10.01
12.77 -32.84 10.04
13.38 -33.30 10.06
14.07 -33.82 10.09
14.77 -33.76 10.11
15.39 -32.77 10.13
15.68 -32.41 10.15
15.58 -32.31 10.16
15.22 -33.13 10.18
15.48 -34.19 10.20
15.57 -33.24 10.21
15.51 -33.10 10.22
15.23 -33.10 10.23
14.82 -33.55 10.24
14.79 -33.74 10.24
14.51 -34.20 10.25
14.25 -34.42 10.25
13.78 -34.50 10.27
13.32 -34.33 10.28
12.82 -33.75 10.28
12.44 -33.64 10.29
12.12 -33.31 10.29
11.93 -33.14 10.30
11.53 -33.65 10.32
12.04 -33.60 10.33
11.85 -33.75 10.36
12.00 -33.32 10.39
12.53 -33.72 10.42
12.98 -34.15 10.41
13.71 -34.53 10.42
14.54 -34.86 10.45
14.87 -34.53 10.48
15.65 -34.15 10.49
15.85 -33.48 10.51
15.87 -33.67 10.52
15.87 -33.78 10.53
15.31 -34.78 10.55
15.73 -34.29 10.57
15.91 -34.08 10.58
15.66 -34.23 10.58
15.03 -34.81 10.59
14.59 -35.11 10.60
14.24 -35.49 10.60
13.66 -35.38 10.60
13.12 -35.00 10.61
12.68 -34.31 10.62
12.46 -34.20 10.63
12.27 -34.14 10.64
12.71 -35.07 10.66
12.46 -34.72 10.67
12.30 -34.40 10.68
12.56 -34.46 10.70
13.09 -34.63 10.72
13.86 -35.13 10.75
14.27 -35.45 10.77
14.95 -35.68 10.79
15.30 -35.72 10.81
15.87 -35.41 10.83
16.27 -35.01 10.85
16.38 -34.71 10.87
16.52 -34.60 10.88
15.84 -35.26 10.90
16.27 -34.78 10.92
16.26 -34.85 10.93
15.64 -35.18 10.93
15.16 -35.73 10.93
14.57 -36.38 10.94
14.13 -36.46 10.96
13.62 -36.12 10.97
12.78 -35.93 10.97
12.26 -35.47 10.98
11.85 -35.41 10.97
11.54 -35.13 10.98
11.31 -35.12 10.99
11.52 -36.14 11.00
11.48 -35.74 11.01
11.22 -35.13 11.02
11.60 -35.22 11.04
12.11 -35.26 11.07
12.90 -35.88 11.10
13.09 -35.49 11.13
13.96 -36.26 11.15
15.01 -36.65 11.18
15.55 -36.28 11.20
16.50 -35.75 11.23
16.66 -35.51 11.25
16.63 -35.56 11.26
16.62 -36.07 11.27
16.39 -36.86 11.29
16.30 -36.85 11.31
16.59 -36.07 11.33
16.65 -35.95 11.35
16.37 -36.38 11.35
15.66 -37.34 11.35
15.27 -37.30 11.35
15.01 -37.20 11.36
14.66 -37.42 11.38
14.20 -37.42 11.39
13.72 -37.10 11.40
13.49 -37.21 11.41
12.91 -36.73 11.40
12.67 -36.88 11.41
12.40 -36.83 11.42
12.03 -36.95 11.43
11.75 -36.53 11.44
11.70 -36.55 11.45
12.21 -37.80 11.46
11.82 -36.67 11.48
11.69 -36.32 11.49
12.12 -36.40 11.52
12.53 -36.76 11.54
12.92 -37.03 11.56
13.49 -36.99 11.59
14.27 -37.59 11.61
14.94 -37.49 11.64
15.55 -37.32 11.67
16.64 -36.92 11.69
16.91 -36.18 11.71
17.03 -36.16 11.71
16.35 -37.93 11.72
16.28 -37.71 11.74
16.12 -37.39 11.75
15.94 -37.20 11.76
15.61 -37.45 11.78
15.08 -38.38 11.78
14.55 -38.09 11.80
14.16 -38.51 11.80
13.84 -38.55 11.81
13.38 -38.51 11.82
13.21 -38.65 11.83
12.75 -38.37 11.84
12.51 -38.16 11.86
12.47 -38.37 11.87
12.37 -38.62 11.88
12.27 -38.32 11.89
12.16 -38.45 11.90
12.13 -38.41 11.91
12.16 -38.51 11.93
12.32 -39.07 11.94
12.34 -39.11 11.95
12.34 -39.15 11.97
12.41 -39.14 11.98
12.45 -39.20 12.00
12.57 -39.12 12.01
12.59 -39.22 12.03
12.61 -39.19 12.04
12.57 -39.21 12.06
12.57 -39.09 12.07
12.65 -39.31 12.09
12.72 -39.42 12.10
12.91 -39.57 12.12
13.00 -39.63 12.13
12.98 -39.44 12.15
13.06 -39.64 12.16
13.14 -39.60 12.18
13.22 -39.58 12.19
13.42 -39.66 12.21
13.38 -39.81 12.22
13.52 -39.88 12.24
13.57 -39.81 12.25
13.71 -39.98 12.27
13.81 -40.04 12.28
13.85 -40.01 12.30
13.93 -39.88 12.31
14.05 -39.85 12.33
14.17 -39.65 12.35
14.35 -40.08 12.37
14.46 -40.01 12.38
14.54 -39.90 12.40
14.82 -40.14 12.42
15.13 -40.39 12.44
15.24 -40.31 12.45
15.51 -40.34 12.47
15.68 -40.34 12.49
15.75 -40.47 12.50
15.85 -40.43 12.52
15.86 -40.61 12.53
16.01 -40.61 12.55
16.12 -40.67 12.57
16.23 -40.61 12.58
16.23 -40.55 12.60
16.37 -40.61 12.62
16.49 -40.80 12.63
16.55 -40.83 12.65
16.66 -40.85 12.67
16.73 -40.95 12.68
16.79 -40.96 12.70
17.00 -41.01 12.72
17.14 -40.97 12.73
17.13 -41.11 12.75
17.17 -41.09 12.76
17.20 -41.09 12.78
17.28 -41.12 12.79
17.39 -41.13 12.81
17.46 -41.12 12.82
17.39 -41.31 12.84
17.47 -41.26 12.85
17.51 -41.35 12.87
17.54 -41.38 12.88
17.51 -41.46 12.89
17.51 -41.52 12.91
17.53 -41.56 12.92
17.54 -41.59 12.94
17.45 -41.53 12.95
17.45 -41.51 12.97
17.56 -41.70 12.98
17.57 -41.74 12.99
17.62 -41.72 13.01
17.64 -41.79 13.02
17.59 -41.84 13.04
17.59 -41.82 13.06
17.51 -41.93 13.07
17.40 -41.85 13.08
17.30 -41.79 13.09
17.32 -41.94 13.10
17.25 -42.03 13.12
17.23 -42.15 13.13
17.16 -42.17 13.14
17.11 -42.19 13.16
17.09 -42.13 13.17
17.00 -42.10 13.18
16.94 -42.28 13.19
16.91 -42.25 13.21
16.90 -42.36 13.22
16.79 -42.37 13.23
16.67 -42.43 13.25
16.68 -42.54 13.26
16.65 -42.55 13.27
16.64 -42.46 13.29
16.62 -42.63 13.30
16.50 -42.68 13.32
16.38 -42.66 13.33
16.41 -42.73 13.35
16.37 -42.64 13.37
16.33 -42.89 13.38
16.23 -42.67 13.40
16.19 -42.92 13.41
16.20 -42.99 13.42
16.12 -43.05 13.44
16.09 -43.07 13.45
16.08 -43.05 13.47
16.01 -43.04 13.48
15.96 -43.11 13.50
15.97 -43.17 13.51
15.98 -43.20 13.52
15.96 -43.17 13.54
15.81 -43.16 13.54
15.72 -43.08 13.56
15.73 -43.28 13.57
15.64 -43.21 13.58
15.50 -43.13 13.60
15.35 -43.02 13.61
15.31 -43.00 13.62
15.30 -43.21 13.64
15.50 -43.56 13.65
15.48 -42.88 13.66
15.12 -42.55 13.67
15.21 -42.67 13.70
15.33 -42.18 13.73
15.55 -42.45 13.75
15.89 -42.93 13.77
16.22 -42.60 13.80
16.65 -43.12 13.82
17.59 -42.92 13.84
18.03 -42.09 13.86
18.26 -41.83 13.87
18.13 -42.01 13.88
18.07 -42.05 13.89
17.44 -43.29 13.90
16.66 -42.54 13.91
15.96 -41.86 13.92
17.00 -42.73 13.93
16.13 -42.16 13.94
16.45 -42.54 13.96
17.39 -43.88 13.99
18.08 -42.70 14.02
18.67 -42.02 14.03
18.39 -42.08 14.05
18.65 -41.84 14.06
17.55 -43.06 14.06
16.57 -44.11 14.07
16.20 -42.39 14.08
15.73 -41.97 14.09
16.29 -42.39 14.10
16.07 -42.28 14.12
16.87 -43.00 14.13
17.93 -44.23 14.17
19.07 -42.69 14.19
19.46 -42.29 14.22
18.91 -43.20 14.23
19.28 -42.23 14.24
18.45 -42.92 14.23
17.06 -44.53 14.24
16.47 -43.95 14.26
15.35 -42.51 14.23
14.93 -42.14 14.23
15.90 -42.66 14.25
15.21 -42.56 14.27
16.11 -43.41 14.33
17.37 -44.45 14.38
18.45 -43.13 14.40
18.83 -42.75 14.42
17.95 -42.95 14.44
18.66 -42.82 14.46
17.91 -43.49 14.45
16.68 -43.91 14.46
15.96 -42.84 14.46
15.46 -42.73 14.47
15.91 -42.89 14.47
16.16 -43.06 14.49
17.10 -44.04 14.50
18.50 -44.29 14.52
19.31 -43.20 14.55
19.42 -43.16 14.56
19.17 -43.06 14.57
18.56 -43.77 14.57
16.42 -44.93 14.58
15.99 -43.48 14.58
15.65 -43.16 14.58
16.83 -43.83 14.60
16.08 -43.49 14.62
16.64 -43.89 14.64
18.26 -45.30 14.68
19.29 -44.15 14.71
19.41 -43.45 14.73
18.33 -43.61 14.76
18.99 -43.50 14.77
17.75 -45.09 14.76
16.20 -44.34 14.74
15.86 -43.71 14.76
15.45 -44.86 14.78
16.00 -43.86 14.79
16.50 -44.13 14.81
17.56 -45.66 14.84
18.78 -44.63 14.87
19.42 -44.00 14.89
18.05 -44.79 14.91
19.17 -44.05 14.92
18.29 -44.45 14.91
16.53 -45.73 14.94
15.43 -44.64 14.94
14.88 -44.00 14.95
16.20 -44.88 14.96
15.23 -44.31 14.99
15.61 -44.65 15.00
16.93 -46.09 15.04
18.37 -45.29 15.07
18.97 -44.75 15.09
19.38 -44.57 15.11
19.22 -44.55 15.14
19.04 -44.36 15.15
17.60 -46.84 15.14
16.69 -45.47 15.14
16.31 -44.64 15.15
17.62 -45.14 15.16
16.61 -44.88 15.17
17.43 -45.71 15.21
18.87 -45.70 15.24
19.78 -44.94 15.27
19.92 -45.08 15.29
19.70 -45.00 15.30
19.02 -45.89 15.30
17.18 -46.42 15.30
16.91 -45.26 15.31
17.80 -47.00 15.32
17.03 -45.22 15.32
17.63 -45.55 15.36
19.02 -47.04 15.39
20.47 -45.93 15.42
20.67 -45.48 15.44
19.31 -45.96 15.46
20.53 -45.40 15.47
19.25 -46.23 15.46
17.63 -47.51 15.47
17.29 -46.09 15.48
16.70 -45.57 15.48
17.81 -46.26 15.50
16.92 -45.87 15.50
17.26 -46.01 15.51
18.76 -47.73 15.54
19.99 -46.35 15.57
20.24 -45.94 15.59
19.14 -46.20 15.61
20.06 -45.84 15.62
18.74 -47.05 15.61
16.98 -47.76 15.64
16.38 -46.14 15.65
16.06 -45.91 15.66
16.49 -46.18 15.67
16.47 -46.30 15.68
17.24 -47.20 15.73
19.18 -47.23 15.75
19.69 -46.50 15.78
19.92 -46.61 15.80
19.86 -46.37 15.82
19.12 -47.10 15.82
17.33 -47.95 15.82
16.88 -46.85 15.83
16.80 -46.45 15.84
17.17 -46.64 15.85
17.54 -46.86 15.87
18.51 -48.36 15.90
19.78 -48.30 15.93
20.38 -47.18 15.95
20.40 -46.89 15.97
20.40 -46.82 15.99
20.42 -46.76 15.99
18.92 -49.44 15.99
17.89 -47.49 15.98
17.59 -47.11 15.98
18.56 -47.96 16.00
17.71 -47.29 16.00
17.98 -47.37 16.02
19.06 -49.04 16.05
20.16 -48.15 16.07
20.74 -47.64 16.09
20.96 -47.47 16.11
20.99 -47.17 16.13
20.44 -47.37 16.14
18.66 -49.59 16.13
18.06 -48.32 16.13
17.32 -47.48 16.13
16.79 -47.28 16.14
17.14 -47.49 16.14
17.40 -47.59 16.15
18.20 -48.59 16.19
19.97 -48.80 16.22
20.90 -47.97 16.25
21.27 -47.65 16.27
21.12 -47.65 16.29
21.08 -47.78 16.30
19.21 -48.68 16.30
18.14 -48.88 16.30
17.39 -47.99 16.31
17.02 -47.67 16.32
17.28 -47.92 16.32
17.35 -48.03 16.33
18.17 -48.85 16.38
19.74 -49.46 16.41
20.53 -49.14 16.44
21.27 -49.01 16.47
21.71 -48.36 16.49
20.97 -48.61 16.50
21.61 -48.45 16.52
21.03 -48.78 16.52
19.66 -49.94 16.52
18.93 -50.77 16.52
17.95 -49.82 16.51
16.81 -49.24 16.49
16.54 -49.29 16.50
16.36 -49.18 16.50
16.22 -49.15 16.51
17.03 -50.18 16.52
16.33 -49.48 16.53
16.60 -49.68 16.55
17.27 -49.87 16.58
17.81 -49.98 16.61
18.38 -50.35 16.64
19.05 -50.52 16.68
19.85 -50.89 16.71
20.71 -51.15 16.73
21.59 -50.08 16.76
22.24 -50.12 16.79
22.19 -49.55 16.80
21.89 -50.04 16.80
21.34 -51.52 16.82
21.52 -50.88 16.85
22.12 -50.23 16.86
21.79 -50.82 16.88
21.52 -51.21 16.88
20.85 -51.75 16.90
20.60 -51.85 16.91
20.27 -51.93 16.91
20.04 -51.99 16.92
19.40 -51.86 16.93
19.21 -51.53 16.94
18.92 -52.19 16.95
18.49 -51.69 16.96
17.85 -51.50 16.98
17.81 -51.63 16.97
17.48 -51.36 16.99
17.43 -51.56 17.00
17.13 -51.28 17.01
16.96 -51.12 17.03
17.67 -52.04 17.04
17.27 -51.84 17.05
17.05 -51.40 17.07
17.32 -51.57 17.08
17.75 -52.06 17.11
18.05 -52.02 17.13
18.35 -51.92 17.15
18.65 -52.13 17.19
19.01 -52.18 17.19
19.53 -52.37 17.22
19.92 -52.34 17.23
20.63 -52.59 17.26
21.08 -52.66 17.28
21.69 -52.03 17.29
21.99 -51.50 17.32
22.24 -51.53 17.34
22.35 -51.86 17.35
21.90 -52.33 17.37
22.34 -52.03 17.38
22.07 -52.25 17.40
21.36 -52.17 17.41
21.14 -52.99 17.42
20.93 -52.97 17.43
20.55 -52.87 17.43
20.33 -52.78 17.44
20.23 -52.75 17.45
20.02 -52.78 17.47
19.94 -52.83 17.48
20.07 -53.26 17.49
20.07 -53.45 17.50
20.07 -53.56 17.52
20.05 -53.64 17.53
19.88 -53.47 17.55
19.62 -53.28 17.57
19.77 -53.41 17.59
19.53 -53.12 17.60
19.62 -53.29 17.61
19.57 -53.17 17.62
19.80 -53.27 17.63
19.97 -53.18 17.66
20.28 -53.29 17.68
20.78 -53.46 17.70
21.36 -53.98 17.71
21.66 -53.26 17.73
21.95 -52.91 17.75
22.27 -52.79 17.76
21.81 -53.92 17.78
22.16 -53.66 17.79
22.39 -53.25 17.81
22.16 -53.23 17.82
21.44 -53.95 17.83
21.22 -54.38 17.84
20.95 -53.99 17.85
20.77 -54.33 17.85
20.44 -54.13 17.87
20.37 -54.13 17.88
20.14 -54.21 17.89
20.10 -54.08 17.91
20.03 -54.33 17.92
20.07 -54.50 17.93
20.03 -54.64 17.95
20.15 -54.73 17.97
20.20 -54.74 17.98
20.15 -54.74 18.00
19.97 -54.90 18.02
19.85 -54.92 18.03
19.71 -54.90 18.04
19.51 -54.65 18.07
19.34 -54.46 18.08
19.04 -54.14 18.09
19.46 -54.72 18.10
19.06 -54.47 18.11
18.97 -54.27 18.12
19.31 -54.70 18.14
19.46 -54.72 18.16
19.67 -54.54 18.18
20.24 -54.98 18.20
20.38 -54.99 18.21
20.74 -55.16 18.22
21.09 -55.24 18.24
21.50 -55.05 18.26
21.79 -55.20 18.28
22.08 -55.05 18.30
22.39 -55.04 18.31
22.60 -54.83 18.33
22.68 -54.99 18.34
22.25 -55.71 18.36
22.53 -55.39 18.38
22.67 -55.13 18.39
22.33 -55.46 18.40
22.09 -55.85 18.42
22.08 -55.74 18.42
22.04 -55.76 18.44
21.81 -55.93 18.45
21.61 -55.98 18.46
21.50 -55.96 18.48
21.37 -55.82 18.50
21.20 -55.82 18.52
21.14 -56.00 18.54
20.93 -55.86 18.56
20.84 -55.76 18.57
20.70 -55.62 18.58
20.91 -56.34 18.60
20.76 -55.93 18.61
20.82 -56.07 18.62
20.98 -56.19 18.63
21.02 -56.22 18.65
21.14 -56.11 18.66
21.33 -56.17 18.67
21.57 -56.39 18.69
21.70 -56.21 18.70
21.99 -56.52 18.73
22.27 -56.59 18.75
22.56 -56.37 18.77
22.74 -56.39 18.79
22.97 -56.12 18.80
23.18 -55.97 18.82
22.76 -56.71 18.83
23.02 -56.45 18.85
23.19 -56.24 18.87
22.95 -56.38 18.87
22.69 -56.86 18.89
22.59 -56.97 18.90
22.42 -56.92 18.91
22.22 -57.05 18.92
22.18 -57.18 18.94
22.04 -57.20 18.96
21.92 -57.05 18.98
21.75 -57.10 19.00
21.83 -57.32 19.01
21.70 -57.32 19.02
21.64 -57.20 19.04
21.54 -57.25 19.05
21.49 -57.03 19.06
21.47 -57.12 19.07
21.47 -57.03 19.09
21.65 -57.57 19.10
21.67 -57.61 19.11
21.69 -57.62 19.12
21.72 -57.26 19.13
21.67 -57.48 19.15
21.74 -57.51 19.16
21.78 -57.39 19.18
22.07 -57.70 19.20
22.30 -57.89 19.21
22.32 -57.78 19.23
22.56 -57.86 19.24
22.57 -57.98 19.26
22.78 -57.80 19.27
22.83 -57.91 19.29
22.88 -58.14 19.30
22.90 -58.15 19.32
22.87 -58.04 19.34
22.99 -58.08 19.35
22.96 -58.09 19.36
23.00 -58.07 19.38
23.17 -58.28 19.39
23.25 -58.32 19.40
23.39 -58.35 19.42
23.46 -58.42 19.44
23.56 -58.30 19.45
23.62 -58.33 19.47
23.63 -58.35 19.48
23.52 -58.61 19.50
23.53 -58.63 19.51
23.60 -58.40 19.53
23.60 -58.54 19.54
23.57 -58.68 19.56
23.51 -58.71 19.57
23.50 -58.79 19.58
23.44 -58.78 19.60
23.45 -58.80 19.61
23.34 -58.75 19.63
23.10 -59.03 19.64
23.06 -58.97 19.65
22.98 -59.10 19.67
22.86 -59.04 19.68
22.69 -59.04 19.69
22.62 -59.10 19.71
22.46 -59.03 19.72
22.37 -59.10 19.73
22.24 -58.93 19.74
22.12 -58.82 19.75
22.16 -58.77 19.77
22.34 -59.38 19.78
22.36 -59.43 19.79
22.13 -59.10 19.81
22.29 -59.26 19.82
22.42 -59.34 19.84
22.56 -59.36 19.86
22.79 -59.56 19.87
22.94 -59.50 19.89
23.12 -59.58 19.91
23.28 -59.64 19.92
23.38 -59.66 19.94
23.61 -59.75 19.95
23.81 -59.85 19.97
23.87 -59.76 19.98
24.03 -59.93 20.00
24.19 -59.85 20.02
24.34 -59.97 20.03
24.57 -59.82 20.05
24.70 -59.84 20.07
24.77 -59.98 20.08
24.83 -59.98 20.10
24.94 -59.89 20.12
24.88 -60.20 20.13
24.84 -60.22 20.15
24.98 -59.91 20.16
25.05 -59.96 20.18
24.82 -60.15 20.19
24.71 -60.27 20.20
24.66 -60.35 20.22
24.56 -60.37 20.23
24.37 -60.55 20.24
24.30 -60.61 20.25
24.16 -60.61 20.27
24.11 -60.58 20.28
24.