0.44 -5.02 0.24
0.47 -5.07 0.25
0.38 -4.90 0.26
0.09 -4.92 0.26
-0.34 -5.30 0.26
-0.67 -5.79 0.27
-1.13 -5.58 0.29
-1.35 -5.82 0.30
-1.74 -5.77 0.30
-2.05 -5.83 0.31
-2.38 -5.74 0.32
-2.65 -5.72 0.32
-2.87 -5.83 0.33
-3.09 -6.04 0.34
-3.47 -6.01 0.35
-3.79 -5.99 0.35
-4.24 -5.93 0.34
-4.54 -5.94 0.35
-4.85 -6.03 0.35
-5.20 -6.00 0.36
-5.53 -5.98 0.36
-5.83 -5.90 0.36
-6.17 -5.60 0.37
-6.13 -6.05 0.38
-6.25 -5.70 0.39
-6.16 -5.81 0.41
-6.11 -5.62 0.43
-5.77 -5.43 0.45
-5.29 -5.61 0.48
-4.47 -5.82 0.53
-3.53 -6.04 0.58
-2.45 -6.74 0.60
-1.95 -6.43 0.60
-1.24 -6.75 0.61
-0.63 -6.83 0.64
0.01 -6.62 0.67
0.36 -6.47 0.69
0.56 -6.62 0.70
0.73 -6.38 0.72
0.76 -6.50 0.73
0.79 -6.69 0.74
0.83 -6.68 0.76
0.75 -6.78 0.77
0.72 -6.88 0.78
0.84 -6.80 0.80
0.76 -6.99 0.81
0.79 -6.85 0.82
0.79 -7.15 0.83
0.82 -7.09 0.84
0.94 -7.01 0.85
1.00 -7.00 0.87
0.95 -6.97 0.87
0.65 -7.22 0.88
0.34 -6.96 0.89
-0.10 -7.08 0.91
-0.28 -7.10 0.92
-0.39 -7.21 0.93
-0.41 -7.46 0.93
-0.52 -7.57 0.95
-0.72 -7.24 0.96
-0.92 -7.65 0.97
-1.25 -7.39 0.98
-1.45 -7.38 0.99
-1.63 -7.44 1.00
-1.74 -7.44 1.02
-1.89 -7.52 1.02
-2.15 -7.40 1.04
-2.11 -7.67 1.05
-2.18 -7.76 1.06
-2.24 -7.85 1.07
-2.66 -7.73 1.09
-2.84 -7.71 1.09
-2.93 -7.99 1.11
-3.15 -7.81 1.11
-3.26 -7.78 1.13
-3.56 -7.70 1.14
-3.66 -7.65 1.15
-3.68 -7.73 1.14
-3.80 -7.75 1.15
-3.86 -7.68 1.16
-3.88 -7.56 1.16
-3.65 -7.65 1.18
-3.47 -7.58 1.21
-3.22 -7.90 1.22
-2.57 -8.30 1.23
-2.02 -8.22 1.25
-1.79 -8.16 1.27
-1.68 -8.42 1.29
-1.38 -8.43 1.31
-1.11 -8.11 1.35
-0.65 -8.11 1.37
-0.62 -8.09 1.37
-0.62 -8.34 1.39
-0.45 -8.43 1.41
-0.18 -8.45 1.42
0.09 -8.35 1.43
0.11 -8.47 1.45
0.25 -8.16 1.47
0.08 -8.03 1.47
-0.18 -8.12 1.49
-0.33 -8.59 1.50
-0.37 -8.61 1.52
-0.43 -8.80 1.53
-0.38 -8.84 1.54
-0.23 -8.85 1.55
-0.36 -8.81 1.56
-0.57 -8.79 1.57
-0.59 -8.87 1.58
-0.68 -9.06 1.58
-1.22 -8.96 1.58
-1.55 -8.87 1.59
-1.86 -9.04 1.61
-1.91 -9.13 1.61
-2.02 -9.24 1.62
-2.40 -9.26 1.62
-2.81 -9.04 1.62
-2.98 -9.10 1.64
-3.07 -9.25 1.65
-3.49 -9.21 1.65
-3.57 -9.29 1.67
-3.78 -9.27 1.68
-3.67 -9.45 1.70
-3.70 -9.32 1.71
-3.77 -9.45 1.72
-3.59 -9.60 1.73
-3.64 -9.63 1.74
-3.43 -9.90 1.75
-2.80 -9.57 1.76
-2.22 -9.35 1.77
-1.51 -9.42 1.78
-1.05 -9.42 1.80
-0.87 -9.26 1.85
-0.83 -9.27 1.86
-1.00 -9.52 1.86
-1.02 -10.09 1.92
-0.67 -10.09 1.94
-0.05 -9.98 1.97
0.58 -9.90 1.99
0.79 -10.18 2.01
1.27 -10.21 2.03
1.00 -10.33 2.05
1.19 -10.29 2.06
1.51 -10.03 2.08
1.26 -10.01 2.09
1.21 -9.98 2.11
1.28 -10.08 2.12
1.45 -10.25 2.14
1.48 -10.42 2.15
1.33 -10.36 2.16
1.61 -10.37 2.17
1.75 -9.95 2.18
1.62 -10.22 2.19
1.58 -10.51 2.21
1.29 -10.44 2.22
0.94 -10.71 2.24
0.50 -10.60 2.25
0.44 -10.74 2.26
0.23 -10.71 2.26
-0.20 -10.79 2.26
-0.39 -11.05 2.28
-0.70 -10.94 2.29
-0.90 -11.21 2.30
-1.06 -11.15 2.32
-1.56 -11.19 2.32
-1.95 -11.08 2.35
-2.03 -10.44 2.35
-2.23 -10.19 2.36
-1.98 -10.60 2.38
-1.82 -11.13 2.39
-1.88 -10.18 2.42
-1.66 -9.80 2.45
-1.47 -9.76 2.48
-1.38 -10.13 2.53
-0.43 -10.82 2.57
1.33 -10.71 2.61
2.36 -10.32 2.65
2.68 -10.88 2.66
2.93 -10.64 2.67
3.16 -10.70 2.68
3.03 -10.68 2.69
3.02 -10.88 2.70
2.73 -11.88 2.72
2.46 -11.14 2.73
2.67 -10.67 2.75
2.72 -10.41 2.76
2.40 -9.99 2.77
2.02 -11.03 2.78
1.01 -11.57 2.77
0.30 -11.82 2.78
-0.35 -11.25 2.78
-1.13 -10.84 2.78
-1.60 -10.34 2.78
-1.78 -10.21 2.79
-0.46 -11.02 2.81
-0.79 -10.55 2.83
-0.74 -11.09 2.86
0.05 -11.17 2.88
0.83 -11.64 2.91
1.88 -11.63 2.91
2.59 -10.87 2.93
3.13 -10.69 2.94
3.33 -11.05 2.95
2.33 -11.22 2.96
1.91 -11.52 2.97
1.48 -12.14 2.98
0.81 -12.38 2.98
-0.07 -12.48 2.98
-0.65 -11.96 2.97
-1.71 -11.27 2.98
-2.31 -11.87 2.99
-1.95 -11.10 2.98
-1.88 -10.92 2.99
-0.87 -10.99 3.04
0.87 -11.75 3.10
3.04 -11.32 3.13
4.14 -10.62 3.15
4.25 -10.67 3.15
2.94 -11.21 3.17
2.93 -11.58 3.18
2.17 -12.09 3.17
0.64 -12.84 3.15
-1.58 -12.54 3.13
-2.68 -11.38 3.13
-3.77 -11.87 3.15
-4.23 -11.53 3.17
-2.85 -12.05 3.19
-2.90 -11.54 3.21
-1.64 -11.48 3.24
-0.08 -11.69 3.30
2.44 -12.08 3.37
4.98 -11.15 3.40
5.23 -11.06 3.40
4.12 -11.45 3.42
3.05 -11.51 3.42
1.45 -13.36 3.39
0.31 -13.74 3.36
-2.13 -12.31 3.34
-3.37 -11.62 3.35
-3.09 -12.88 3.39
-2.50 -12.42 3.42
-2.17 -12.44 3.44
-1.27 -12.13 3.48
0.81 -12.45 3.55
3.46 -12.77 3.61
5.47 -11.66 3.62
6.13 -11.80 3.61
4.86 -11.82 3.62
3.66 -12.34 3.62
2.28 -13.78 3.59
0.01 -14.57 3.61
-2.20 -12.30 3.57
-3.26 -12.15 3.56
-1.87 -13.11 3.58
-2.06 -12.75 3.60
-1.53 -12.76 3.64
-0.52 -13.00 3.69
1.85 -13.79 3.75
3.98 -12.66 3.78
4.97 -12.23 3.79
3.47 -12.72 3.80
3.05 -12.65 3.79
1.83 -13.87 3.76
0.09 -14.93 3.75
-2.01 -12.63 3.72
-2.60 -12.72 3.72
-1.32 -13.64 3.74
-1.46 -13.11 3.77
-1.21 -13.07 3.81
0.27 -13.50 3.88
2.34 -13.82 3.94
5.20 -12.67 3.97
5.61 -12.66 3.99
4.57 -12.93 4.00
4.04 -13.41 4.00
2.62 -14.78 3.98
0.96 -15.62 4.03
-1.23 -13.64 4.03
-2.13 -13.25 4.33
-1.84 -14.50 4.36
-2.83 -14.70 4.37
-3.43 -14.69 4.37
-3.69 -14.18 4.39
-2.79 -14.75 4.45
0.58 -14.78 4.52
1.89 -14.18 4.58
5.30 -13.76 4.62
5.60 -13.80 4.65
5.14 -14.31 4.67
5.89 -14.60 4.69
5.74 -15.26 4.70
5.46 -15.78 4.71
5.08 -15.17 4.72
4.87 -15.90 4.73
3.93 -16.04 4.73
3.01 -15.39 4.74
3.03 -15.34 4.76
2.96 -15.43 4.78
3.27 -15.41 4.79
3.63 -15.54 4.81
4.10 -16.01 4.83
4.37 -16.12 4.85
4.60 -16.38 4.87
4.73 -16.48 4.89
4.85 -16.28 4.90
5.07 -16.49 4.92
5.24 -16.51 4.94
5.51 -16.57 4.96
5.56 -16.60 4.98
5.39 -16.52 4.99
5.31 -16.53 5.00
5.06 -16.57 5.00
5.85 -16.17 5.01
6.31 -16.17 5.04
6.28 -16.61 5.07
7.34 -16.41 5.10
7.99 -16.69 5.13
8.11 -15.98 5.19
9.26 -16.26 5.21
9.11 -17.07 5.23
8.87 -16.61 5.23
9.80 -16.89 5.25
10.13 -16.22 5.26
10.62 -16.70 5.29
10.32 -16.99 5.32
10.18 -16.80 5.33
9.86 -16.90 5.34
9.27 -16.90 5.34
9.40 -16.98 5.34
9.66 -17.39 5.36
9.64 -17.49 5.38
10.65 -16.48 5.46
10.07 -17.10 5.46
9.46 -17.37 5.47
9.26 -17.47 5.48
9.14 -17.04 5.52
8.85 -17.56 5.52
9.17 -17.70 5.52
9.07 -17.92 5.51
8.82 -17.71 5.51
8.49 -17.49 5.51
8.31 -17.43 5.52
8.01 -17.72 5.53
7.53 -18.01 5.55
7.37 -17.88 5.56
6.86 -18.09 5.56
6.40 -18.02 5.56
5.86 -18.35 5.57
5.23 -18.27 5.54
4.68 -18.04 5.49
3.87 -18.00 5.46
3.02 -18.14 5.44
2.26 -17.69 5.45
1.29 -17.98 5.44
0.47 -17.64 5.47
-0.31 -17.92 5.47
-0.95 -17.64 5.44
-1.61 -17.55 5.46
-2.14 -17.63 5.51
-2.38 -17.56 5.54
-2.96 -18.06 5.55
-3.24 -17.91 5.56
-3.57 -18.02 5.56
-3.82 -18.01 5.56
-3.97 -18.03 5.58
-4.13 -18.16 5.62
-4.40 -17.23 5.66
-4.32 -17.30 5.71
-4.04 -17.30 5.74
-3.92 -17.67 5.78
-3.58 -17.38 5.82
-2.79 -17.56 5.81
-2.44 -17.44 5.80
-1.79 -17.48 5.81
-1.40 -17.78 5.81
-0.96 -17.96 5.84
-0.18 -17.92 5.88
0.70 -17.90 5.92
1.52 -17.78 5.95
2.02 -17.75 5.97
1.87 -18.39 6.02
2.59 -18.35 6.05
3.52 -18.21 6.08
4.37 -18.01 6.10
5.58 -17.68 6.08
5.71 -18.03 6.12
5.87 -17.32 6.13
6.41 -17.45 6.11
6.75 -17.40 6.12
6.59 -16.90 6.14
6.19 -17.82 6.14
6.03 -17.40 6.14
6.17 -17.39 6.15
6.47 -17.65 6.17
6.27 -17.86 6.18
5.46 -17.87 6.20
4.70 -17.33 6.19
4.78 -18.07 6.19
4.82 -18.82 6.19
4.87 -18.52 6.20
4.57 -18.15 6.21
3.97 -18.47 6.23
2.98 -18.47 6.24
2.25 -18.63 6.24
2.22 -18.81 6.23
1.43 -18.73 6.21
0.63 -18.83 6.20
-0.34 -18.98 6.18
-1.18 -19.00 6.18
-2.19 -18.13 6.19
-2.50 -18.86 6.21
-3.09 -18.70 6.23
-3.48 -18.94 6.24
-4.23 -18.59 6.24
-4.46 -19.01 6.30
-4.97 -18.81 6.38
-6.25 -18.03 6.27
-5.03 -19.28 6.29
-5.40 -18.81 6.30
-5.24 -18.98 6.30
-5.09 -19.23 6.32
-5.48 -19.22 6.33
-5.52 -18.93 6.34
-4.71 -19.43 6.36
-3.59 -19.25 6.39
-3.01 -19.17 6.41
-2.93 -19.22 6.43
-2.37 -19.33 6.44
-2.50 -19.45 6.47
-1.92 -19.20 6.48
-2.15 -19.38 6.48
-1.98 -19.36 6.49
-2.04 -19.38 6.47
-2.71 -19.95 6.48
-2.71 -20.00 6.49
-2.69 -20.01 6.51
-2.64 -20.12 6.53
-2.54 -20.13 6.54
-2.26 -20.07 6.56
-2.19 -20.20 6.57
-1.94 -20.21 6.59
-1.68 -20.04 6.61
-1.69 -20.29 6.61
-1.63 -20.45 6.64
-1.51 -20.46 6.65
-1.63 -20.42 6.67
-1.80 -20.31 6.68
-1.58 -20.38 6.65
-1.25 -20.56 6.59
-1.33 -20.28 6.56
-0.87 -20.47 6.56
-0.74 -20.40 6.56
-0.82 -20.14 6.57
-0.72 -20.00 6.59
-0.81 -19.84 6.64
-0.86 -19.30 6.81
-0.21 -20.03 6.90
1.43 -20.71 6.97
1.27 -20.88 6.98
0.99 -21.09 7.01
1.36 -20.51 7.02
1.59 -20.33 7.03
1.63 -20.12 7.04
1.16 -20.50 7.05
0.97 -20.72 7.06
0.87 -21.13 7.08
1.31 -21.04 7.11
1.58 -20.73 7.13
1.95 -21.08 7.16
2.18 -21.33 7.18
2.51 -21.18 7.21
3.13 -21.21 7.23
3.49 -21.25 7.26
3.86 -21.19 7.29
4.42 -21.20 7.31
4.91 -21.13 7.32
5.24 -20.17 7.35
6.18 -20.86 7.35
6.14 -21.65 7.36
6.96 -21.20 7.37
7.46 -20.86 7.40
7.58 -21.00 7.42
7.67 -20.83 7.45
7.68 -20.69 7.48
8.36 -21.10 7.50
8.84 -21.04 7.51
9.12 -21.58 7.53
9.56 -21.60 7.56
8.95 -20.99 7.58
9.75 -21.55 7.59
10.08 -21.66 7.61
10.10 -21.75 7.63
10.52 -21.70 7.65
10.86 -21.73 7.68
11.07 -21.91 7.70
11.09 -21.53 7.71
11.12 -22.06 7.73
11.39 -22.25 7.75
11.31 -22.28 7.75
11.28 -22.12 7.76
11.22 -22.01 7.78
11.45 -22.21 7.78
11.52 -22.27 7.80
11.35 -22.16 7.82
11.66 -22.40 7.84
11.63 -22.49 7.85
11.53 -22.45 7.86
11.46 -22.22 7.87
11.43 -22.55 7.89
11.30 -22.56 7.90
11.22 -22.51 7.91
10.97 -22.46 7.92
11.00 -22.43 7.93
10.59 -22.61 7.95
10.43 -22.56 7.95
10.08 -22.72 7.97
9.77 -22.47 7.98
9.71 -22.58 7.98
9.60 -22.78 7.99
9.38 -22.56 8.01
9.15 -22.87 8.01
8.77 -23.08 8.01
8.39 -22.98 8.02
8.29 -22.98 8.02
7.91 -23.01 8.03
7.74 -23.08 8.05
7.57 -23.25 8.06
7.33 -22.94 8.07
6.97 -23.15 8.07
6.78 -23.10 8.08
6.67 -22.87 8.08
6.45 -22.92 8.09
5.95 -22.97 8.09
5.67 -22.90 8.10
5.25 -22.82 8.10
4.51 -23.47 8.10
4.17 -23.48 8.12
3.66 -23.46 8.13
2.86 -23.29 8.16
2.57 -23.47 8.21
1.69 -23.20 8.26
0.98 -22.88 8.34
0.46 -23.31 8.41
-0.05 -22.71 8.41
-1.45 -22.94 8.26
-2.90 -23.09 8.27
-3.89 -22.88 8.26
-5.23 -23.08 8.26
-5.52 -22.68 8.32
-5.53 -22.90 8.50
-5.29 -23.35 8.76
-4.20 -23.82 9.08
-3.43 -23.96 9.41
-2.71 -23.69 9.85
-2.22 -23.61 10.27
-1.73 -23.53 10.66
-1.37 -23.64 10.86
-1.00 -23.85 10.97
-0.80 -24.15 11.04
-0.68 -24.56 11.23
-0.90 -24.55 11.57
-1.35 -24.10 11.87
-1.50 -23.87 11.87
-0.90 -24.34 11.65
-0.58 -24.65 11.55
-0.68 -24.76 11.60
-1.04 -24.42 11.33
-1.02 -24.47 10.83
-0.33 -24.90 10.21
0.19 -25.09 9.35
0.91 -25.08 8.55
-0.26 -22.52 8.64
1.32 -25.50 8.65
1.47 -25.28 8.66
1.59 -25.68 8.67
1.82 -25.81 8.69
2.11 -25.83 8.71
2.21 -25.83 8.74
2.55 -25.97 8.76
2.66 -25.89 8.79
2.69 -25.90 8.82
2.68 -26.03 8.85
2.69 -26.03 8.85
2.76 -26.13 8.87
3.19 -23.87 8.85
2.76 -26.02 8.87
3.51 -25.75 8.88
3.32 -25.86 8.89
3.25 -25.70 8.91
3.42 -26.21 8.92
3.74 -26.38 8.95
4.07 -26.39 8.97
4.69 -26.44 8.99
5.07 -26.48 9.01
5.60 -26.44 9.03
6.07 -26.53 9.04
6.29 -26.68 9.07
6.96 -26.46 9.09
7.60 -26.52 9.11
7.83 -26.63 9.14
8.16 -26.66 9.17
8.72 -26.63 9.18
9.15 -26.76 9.21
9.63 -26.67 9.22
9.77 -26.88 9.23
9.74 -26.91 9.25
9.76 -26.75 9.29
10.87 -26.98 9.29
11.66 -26.84 9.31
12.21 -26.66 9.32
12.00 -26.92 9.34
12.09 -27.02 9.36
12.16 -26.75 9.37
12.30 -26.67 9.38
12.20 -26.78 9.39
12.09 -26.67 9.41
12.35 -26.82 9.41
12.19 -26.91 9.41
11.80 -27.36 9.42
11.43 -27.15 9.42
11.36 -27.11 9.43
11.13 -27.27 9.43
11.04 -26.97 9.44
10.83 -27.69 9.44
10.60 -27.53 9.44
10.00 -27.34 9.44
9.24 -27.23 9.44
9.41 -27.44 9.44
9.23 -27.60 9.42
9.11 -27.68 9.42
9.15 -27.51 9.43
8.44 -27.77 9.41
8.47 -27.82 9.44
8.19 -28.11 9.43
8.04 -28.03 9.41
7.78 -28.27 9.42
7.60 -28.25 9.45
7.14 -28.25 9.44
6.88 -28.39 9.46
6.51 -28.27 9.47
6.19 -28.16 9.49
6.06 -27.87 9.53
5.75 -28.35 9.55
5.66 -28.25 9.57
5.55 -28.43 9.54
5.09 -28.17 9.56
4.92 -28.15 9.60
4.75 -28.19 9.65
4.89 -28.28 9.67
4.81 -28.54 9.67
4.66 -28.32 9.67
4.31 -28.50 9.69
4.75 -28.56 9.72
4.58 -28.67 9.75
4.12 -28.54 9.77
3.19 -28.18 9.77
3.36 -28.61 9.78
2.84 -28.67 9.80
2.44 -28.84 9.81
1.77 -28.74 9.81
1.27 -28.68 9.82
0.65 -28.41 9.81
-0.30 -28.28 9.86
-1.04 -27.75 9.82
-0.99 -28.12 9.85
-0.73 -27.95 9.88
-0.07 -27.90 9.89
0.75 -28.81 9.91
1.81 -28.81 9.95
2.76 -28.74 9.98
3.38 -28.79 10.02
4.20 -28.55 10.04
4.05 -27.42 10.06
4.42 -29.24 10.08
4.91 -29.08 10.11
5.61 -28.78 10.13
6.30 -28.92 10.16
7.34 -29.04 10.20
8.08 -29.10 10.24
8.97 -28.92 10.32
9.96 -28.69 10.36
10.84 -29.10 10.40
11.75 -29.19 10.47
12.92 -29.42 10.53
14.46 -29.24 10.50
15.67 -29.32 10.56
16.97 -29.30 10.63
17.89 -28.76 10.52
18.21 -29.12 10.53
18.65 -29.38 10.56
19.17 -29.21 10.62
19.43 -29.69 10.64
19.33 -28.86 10.66
19.81 -29.06 10.72
20.39 -29.50 10.74
20.69 -29.82 10.76
20.83 -29.98 10.71
20.99 -29.89 10.72
20.59 -30.25 10.79
20.55 -30.18 10.81
20.46 -30.26 10.83
20.08 -30.39 10.85
19.76 -30.26 10.84
19.47 -30.44 10.84
19.34 -30.66 10.85
19.17 -30.63 10.84
19.05 -30.55 10.84
18.88 -30.52 10.85
18.86 -30.55 10.85
18.64 -30.53 10.82
18.22 -30.80 10.83
18.25 -30.78 10.83
18.14 -30.81 10.81
18.18 -30.72 10.82
17.94 -30.86 10.81
17.78 -30.86 10.82
17.17 -30.99 10.82
16.89 -30.89 10.83
16.64 -30.97 10.84
16.40 -30.98 10.85
16.18 -30.89 10.86
16.05 -31.20 10.88
15.76 -31.06 10.88
15.17 -31.16 10.88
14.85 -31.04 10.89
14.43 -31.05 10.89
13.84 -30.91 10.88
13.47 -30.62 10.86
12.48 -30.33 10.80
11.31 -30.71 10.77
10.51 -28.37 10.79
9.81 -31.08 10.76
9.31 -31.09 10.74
8.86 -30.60 10.69
7.55 -31.05 10.64
6.94 -31.26 10.63
6.06 -31.39 10.59
5.06 -31.35 10.68
3.82 -31.77 10.61
2.78 -31.62 10.60
1.70 -31.25 10.59
0.71 -31.46 10.59
0.07 -31.48 10.59
0.15 -31.61 10.62
0.23 -31.52 10.55
0.26 -31.47 10.57
-0.06 -32.03 10.57
-0.11 -32.04 10.61
0.43 -32.31 10.67
1.27 -32.02 10.70
1.73 -32.15 10.73
1.40 -32.01 10.74
2.38 -31.89 10.76
2.68 -31.90 10.79
3.17 -32.35 10.81
3.72 -32.22 10.84
4.00 -32.17 10.86
4.44 -32.40 10.89
5.36 -32.16 10.92
6.51 -32.12 10.96
7.21 -32.43 10.99
8.12 -32.47 11.02
9.00 -32.63 11.06
10.41 -32.50 11.11
11.76 -32.29 11.16
12.88 -32.32 11.09
14.18 -32.39 11.20
15.46 -32.60 11.24
17.32 -32.49 11.20
18.20 -32.24 11.25
18.74 -32.22 11.27
19.40 -32.71 11.30
19.87 -32.95 11.34
20.42 -33.29 11.37
21.08 -33.34 11.39
21.59 -33.30 11.42
22.04 -33.40 11.44
22.63 -33.31 11.47
23.17 -33.17 11.49
23.58 -33.20 11.52
23.55 -33.56 11.53
23.42 -33.62 11.55
23.26 -33.20 11.57
23.70 -33.46 11.59
24.17 -33.62 11.61
24.37 -33.73 11.63
24.37 -33.68 11.64
24.24 -33.70 11.66
23.95 -33.87 11.67
23.95 -33.87 11.68
23.93 -34.13 11.70
23.97 -34.04 11.71
23.87 -34.11 11.73
23.76 -34.14 11.75
23.72 -34.05 11.76
23.57 -34.16 11.77
23.18 -34.27 11.78
23.11 -34.26 11.78
22.64 -34.00 11.80
22.45 -33.94 11.81
22.81 -34.14 11.82
23.32 -33.86 11.82
22.16 -34.43 11.84
22.14 -34.64 11.84
21.76 -34.68 11.84
21.26 -34.39 11.85
21.07 -34.43 11.85
20.68 -34.39 11.85
20.23 -34.22 11.85
19.65 -34.41 11.84
18.98 -34.72 11.83
18.26 -34.80 11.83
17.73 -34.76 11.83
17.37 -34.64 11.82
15.49 -33.65 11.80
16.19 -33.90 11.80
14.24 -34.59 11.79
13.35 -34.87 11.77
12.42 -34.81 11.77
11.32 -34.60 11.75
9.92 -34.95 11.71
8.62 -35.10 11.67
7.63 -34.55 11.67
6.71 -34.77 11.67
5.41 -34.69 11.62
4.40 -34.57 11.57
3.62 -34.16 11.55
2.51 -34.22 11.53
0.89 -33.90 11.51
0.72 -34.71 11.52
0.72 -35.11 11.51
0.75 -34.85 11.52
0.18 -35.12 11.53
-0.23 -35.28 11.56
-0.32 -34.61 11.57
-0.20 -34.58 11.58
0.27 -34.69 11.61
0.72 -35.12 11.63
1.22 -35.43 11.65
1.68 -35.49 11.68
2.18 -35.37 11.70
2.93 -35.50 11.73
3.65 -35.50 11.78
4.41 -35.51 11.81
5.28 -35.60 11.86
6.25 -35.43 11.90
7.23 -35.46 11.95
8.20 -35.70 11.99
9.35 -35.57 12.03
10.27 -35.57 12.08
11.26 -35.41 12.13
12.05 -35.48 12.17
12.89 -35.78 12.21
13.72 -36.00 12.25
14.65 -36.06 12.30
15.51 -36.22 12.34
16.73 -35.73 12.38
17.58 -35.92 12.41
18.15 -36.04 12.45
18.85 -35.92 12.49
19.40 -35.83 12.51
19.83 -36.43 12.54
20.37 -36.39 12.57
21.28 -36.20 12.60
21.85 -36.39 12.64
22.27 -36.33 12.67
23.07 -36.20 12.71
23.67 -36.24 12.73
23.79 -36.20 12.76
24.09 -36.40 12.78
23.86 -36.49 12.78
23.79 -36.74 12.80
23.98 -37.09 12.81
24.15 -37.09 12.83
24.25 -37.14 12.84
24.34 -36.79 12.86
24.09 -36.84 12.87
24.15 -37.08 12.89
23.94 -36.89 12.89
24.02 -36.90 12.90
23.66 -36.73 12.89
23.23 -37.41 12.89
22.73 -37.16 12.89
22.18 -37.29 12.89
21.66 -37.30 12.89
21.28 -37.38 12.88
20.93 -37.39 12.88
20.51 -37.43 12.85
20.00 -37.22 12.84
19.33 -37.35 12.82
18.85 -37.44 12.80
18.17 -37.43 12.78
17.46 -37.44 12.75
16.74 -37.50 12.72
16.07 -37.42 12.71
15.34 -37.46 12.68
14.57 -37.32 12.66
13.99 -37.25 12.64
13.20 -37.25 12.61
12.21 -37.45 12.58
11.13 -37.81 12.56
10.80 -37.37 12.52
9.62 -37.62 12.48
8.61 -37.61 12.45
7.98 -38.10 12.43
7.19 -38.00 12.39
6.55 -38.11 12.39
5.64 -37.78 12.37
5.05 -38.07 12.36
4.66 -37.88 12.35
4.20 -37.85 12.35
3.91 -38.12 12.35
3.36 -38.29 12.35
2.60 -37.57 12.36
2.90 -37.72 12.38
3.20 -37.98 12.40
3.65 -38.02 12.41
3.90 -37.90 12.47
4.36 -38.06 12.51
4.99 -38.12 12.53
5.60 -38.34 12.55
6.46 -37.97 12.57
7.45 -38.30 12.62
8.35 -38.40 12.67
9.22 -38.33 12.70
10.36 -38.26 12.74
11.36 -38.32 12.77
12.24 -38.55 12.82
13.07 -38.79 12.86
14.09 -38.87 12.92
15.17 -38.35 12.96
16.39 -37.53 12.79
17.10 -38.60 12.79
18.09 -38.22 12.79
18.68 -38.96 12.84
19.55 -38.93 12.89
20.38 -38.88 12.93
21.27 -38.85 12.96
22.29 -38.81 13.01
23.25 -38.89 13.05
23.73 -39.17 13.09
24.36 -39.27 13.13
25.18 -39.39 13.16
26.01 -39.47 13.21
26.79 -39.37 13.24
27.37 -39.30 13.28
27.81 -39.19 13.31
28.08 -39.42 13.34
28.25 -39.79 13.36
28.51 -39.89 13.38
28.55 -39.75 13.39
28.79 -39.92 13.40
28.89 -39.91 13.42
28.73 -40.14 13.44
28.68 -40.00 13.46
28.65 -40.20 13.48
28.79 -40.29 13.50
29.00 -40.07 13.51
28.63 -40.08 13.53
28.22 -39.91 13.55
28.13 -40.06 13.55
27.92 -40.03 13.56
27.94 -40.19 13.58
27.66 -40.24 13.58
27.06 -40.48 13.58
26.62 -40.36 13.58
26.15 -40.07 13.57
25.56 -40.04 13.56
24.62 -40.21 13.55
23.69 -40.22 13.55
22.64 -40.55 13.53
21.61 -40.54 13.52
20.83 -40.52 13.51
19.55 -40.61 13.49
18.44 -40.66 13.47
17.58 -40.52 13.44
16.45 -40.41 13.42
15.21 -40.42 13.39
13.91 -40.56 13.36
12.48 -40.39 13.33
11.21 -40.11 13.30
10.49 -40.47 13.30
9.27 -40.23 13.28
8.33 -40.82 13.27
7.56 -40.83 13.26
6.77 -40.67 13.25
5.92 -40.56 13.23
5.48 -40.33 13.21
4.99 -40.39 13.22
4.24 -40.95 13.22
3.71 -41.01 13.21
3.03 -41.01 13.20
2.36 -40.50 13.20
2.20 -40.85 13.20
2.36 -40.70 13.19
1.60 -40.82 13.20
1.44 -40.96 13.22
1.76 -41.33 13.23
2.08 -40.55 13.27
2.74 -41.29 13.34
3.34 -41.35 13.37
3.80 -41.45 13.40
4.46 -41.30 13.43
5.36 -40.87 13.48
6.30 -40.98 13.52
7.35 -41.22 13.57
8.60 -41.40 13.62
10.04 -40.73 13.68
11.63 -40.80 13.75
13.09 -41.33 13.82
14.55 -41.48 13.90
16.04 -41.56 13.96
17.70 -41.42 14.03
19.44 -41.08 14.09
21.10 -41.07 14.08
22.59 -40.49 14.11
23.25 -41.44 14.16
23.85 -42.04 14.21
24.93 -42.02 14.26
26.22 -42.07 14.32
27.12 -42.10 14.38
27.86 -42.03 14.42
28.67 -41.87 14.45
29.31 -41.96 14.49
29.78 -41.98 14.52
30.21 -42.35 14.54
30.69 -42.38 14.56
30.72 -42.54 14.58
30.71 -42.49 14.60
30.57 -42.83 14.62
30.33 -42.90 14.62
30.46 -42.92 14.64
30.75 -42.97 14.66
30.69 -43.15 14.69
30.53 -43.01 14.71
30.69 -42.79 14.71
30.60 -43.19 14.73
30.31 -42.93 14.74
30.24 -43.29 14.75
30.11 -43.37 14.75
29.91 -43.35 14.75
29.78 -43.41 14.76
29.61 -43.50 14.77
29.54 -43.48 14.77
29.32 -43.45 14.77
28.85 -43.45 14.77
28.61 -43.54 14.77
28.44 -43.65 14.77
28.16 -43.58 14.78
27.95 -43.53 14.78
27.93 -43.44 14.79
28.00 -43.32 14.79
27.66 -43.26 14.79
27.16 -43.61 14.80
26.23 -43.60 14.78
25.69 -43.40 14.77
24.86 -43.33 14.74
24.35 -43.52 14.71
23.38 -43.25 14.67
22.55 -43.25 14.62
21.51 -43.28 14.55
20.29 -43.37 14.48
19.07 -43.41 14.40
17.80 -43.13 14.32
16.42 -43.26 14.24
15.15 -43.30 14.14
13.67 -43.34 14.05
12.54 -43.10 14.02
11.49 -43.37 13.93
10.33 -43.35 13.82
9.32 -43.78 13.79
8.51 -43.55 13.79
8.08 -43.92 13.79
7.29 -43.88 13.85
6.53 -44.15 13.97
6.01 -44.49 13.99
5.20 -44.60 13.99
4.42 -44.09 13.99
4.16 -44.17 14.00
3.89 -44.22 14.00
3.83 -44.19 13.98
3.60 -44.54 14.01
3.65 -44.42 14.02
4.07 -44.52 14.05
4.76 -44.40 14.12
5.62 -44.23 14.17
6.66 -44.59 14.22
7.82 -43.30 14.25
9.09 -44.54 14.29
10.68 -44.29 14.35
12.40 -44.39 14.42
13.87 -44.54 14.50
15.57 -44.44 14.58
17.12 -44.37 14.64
18.69 -44.51 14.68
19.70 -44.51 14.72
20.79 -44.77 14.77
22.08 -44.68 14.82
23.12 -44.36 14.88
24.25 -44.58 14.93
25.39 -44.70 14.97
26.47 -44.83 15.00
27.31 -44.65 15.04
28.16 -44.85 15.07
29.02 -44.75 15.10
29.62 -44.50 15.14
29.98 -44.81 15.17
29.69 -45.24 15.20
29.60 -45.96 15.21
29.62 -45.60 15.24
29.81 -45.76 15.27
29.91 -45.65 15.27
30.28 -45.94 15.29
30.39 -45.91 15.32
30.31 -45.84 15.34
30.29 -45.54 15.34
30.20 -46.15 15.35
30.28 -46.12 15.36
29.96 -45.89 15.35
30.14 -46.37 15.35
30.23 -46.25 15.36
29.91 -45.73 15.36
29.82 -45.94 15.36
29.65 -46.19 15.34
29.46 -46.21 15.28
29.25 -45.81 15.17
28.49 -46.00 15.02
27.41 -46.15 14.89
26.94 -46.49 14.72
26.27 -46.46 14.60
25.77 -46.50 14.51
25.13 -46.43 14.45
24.53 -45.90 14.40
23.62 -45.86 14.32
22.73 -46.27 14.23
21.64 -46.41 14.17
20.70 -46.44 14.10
19.63 -46.54 14.02
18.46 -46.29 13.92
17.07 -46.69 13.82
16.07 -46.95 13.77
14.93 -46.93 13.79
13.83 -47.01 13.84
12.79 -47.18 13.85
12.53 -46.97 13.82
11.26 -47.56 13.81
10.53 -47.62 13.78
10.03 -47.59 13.79
9.57 -47.55 13.81
9.24 -47.65 13.80
8.87 -47.49 13.82
8.73 -47.39 13.85
8.54 -47.35 13.86
8.39 -47.13 13.87
8.28 -47.31 13.88
8.26 -47.32 13.89
8.27 -47.07 13.91
8.28 -47.08 13.92
8.23 -47.27 13.95
8.34 -47.22 14.00
8.63 -46.83 14.04
9.08 -47.57 14.04
9.72 -48.32 13.99
10.48 -47.76 14.07
11.85 -48.33 14.08
12.68 -48.68 14.21
13.52 -48.57 14.37
14.44 -47.21 14.54
14.50 -48.31 14.64
14.72 -47.28 14.72
14.75 -47.92 14.73
15.08 -48.59 14.77
14.99 -48.72 14.82
15.03 -49.22 14.85
15.20 -48.34 14.88
13.38 -47.92 14.91
13.62 -46.88 14.91
11.44 -46.74 14.65
10.15 -48.57 14.81
8.46 -48.23 14.77
7.02 -48.49 14.74
4.68 -48.72 14.72
4.71 -49.44 14.71
3.83 -49.42 14.71
3.93 -49.40 14.71
3.88 -50.25 14.72
3.89 -50.23 14.73
3.93 -50.30 14.74
3.94 -50.33 14.76
3.96 -50.38 14.77
3.96 -50.40 14.78
3.97 -50.46 14.79
3.99 -50.48 14.81
4.00 -50.52 14.82
4.03 -50.55 14.84
4.03 -50.60 14.85
4.05 -50.62 14.86
4.05 -50.66 14.87
4.08 -50.70 14.89
4.09 -50.72 14.90
4.12 -50.76 14.92
4.13 -50.80 14.93
4.14 -50.85 14.94
4.16 -50.87 14.96
4.18 -50.92 14.97
4.19 -50.95 14.98
4.20 -51.00 15.00
4.22 -51.02 15.01
4.24 -51.05 15.02
4.24 -51.11 15.04
4.70 -50.27 15.18
4.31 -50.35 15.20
4.30 -49.87 15.22
5.15 -49.80 15.25
6.02 -49.83 15.28
7.43 -50.31 15.33
8.62 -50.76 15.38
9.77 -50.60 15.42
10.32 -50.45 15.46
11.14 -50.39 15.52
12.32 -50.45 15.61
13.08 -49.81 15.65
12.47 -50.03 15.65
12.44 -51.57 15.67
12.99 -50.24 15.77
12.24 -50.02 15.78
11.43 -49.42 15.76
10.59 -49.65 15.71
9.54 -49.64 15.70
8.33 -50.31 15.69
6.71 -49.90 15.66
5.17 -49.93 15.63
3.84 -49.27 15.64
3.93 -50.04 15.65
4.79 -50.38 15.66
5.19 -50.20 15.69
6.02 -49.90 15.73
7.21 -50.62 15.77
8.65 -51.48 15.81
9.89 -50.83 15.86
11.32 -50.45 15.89
12.26 -49.25 15.94
11.35 -50.33 15.94
11.17 -49.85 15.94
10.14 -50.32 15.93
8.75 -51.07 15.93
7.57 -50.39 15.93
5.80 -50.84 15.91
4.07 -50.03 15.90
4.26 -49.71 15.92
4.90 -50.59 15.94
5.50 -50.37 15.98
6.60 -51.03 16.01
7.97 -51.68 16.06
8.93 -51.07 16.11
10.10 -50.72 16.15
10.68 -49.88 16.17
10.09 -51.23 16.18
10.17 -50.27 16.18
9.29 -50.17 16.18
7.84 -51.46 16.14
6.46 -51.28 16.10
4.26 -50.16 16.08
4.08 -50.02 16.10
5.29 -50.18 16.14
6.43 -50.79 16.18
8.35 -52.02 16.24
9.53 -51.13 16.29
11.20 -50.04 16.35
10.23 -51.35 16.35
10.26 -51.60 16.36
9.51 -51.11 16.35
8.66 -51.69 16.34
7.65 -52.15 16.33
6.54 -51.05 16.31
5.83 -50.59 16.32
6.59 -50.54 16.35
7.82 -50.85 16.39
10.24 -52.27 16.45
11.96 -50.61 16.51
12.25 -50.29 16.54
11.51 -52.34 16.55
11.47 -51.55 16.56
10.55 -51.31 16.54
8.98 -52.44 16.52
7.59 -51.49 16.48
5.92 -50.79 16.46
6.41 -51.28 16.48
7.04 -51.40 16.52
8.76 -53.04 16.56
9.95 -51.99 16.62
10.93 -51.00 16.65
10.37 -52.97 16.65
10.64 -52.17 16.67
10.27 -51.50 16.67
8.53 -52.36 16.64
7.75 -51.90 16.62
6.51 -51.21 16.61
7.20 -51.61 16.63
7.87 -52.25 16.66
9.02 -53.01 16.70
9.88 -52.57 16.74
10.72 -51.87 16.77
10.30 -53.53 16.78
10.48 -52.25 16.79
9.56 -51.95 16.78
8.12 -53.88 16.76
7.41 -51.99 16.73
6.33 -51.61 16.74
7.06 -51.77 16.77
8.74 -53.26 16.81
10.15 -52.71 16.87
11.29 -51.74 16.91
10.55 -53.39 16.91
10.51 -53.16 16.92
9.67 -52.46 16.92
8.64 -53.41 16.89
7.18 -53.18 16.86
6.31 -52.32 16.86
5.99 -52.60 16.88
7.00 -52.54 16.92
8.58 -54.15 16.97
9.71 -53.30 17.02
11.15 -52.49 17.05
10.70 -53.65 17.07
10.45 -53.69 17.08
9.87 -53.23 17.08
8.72 -53.23 17.06
8.01 -53.88 17.04
6.94 -52.96 17.03
6.27 -52.93 17.04
6.99 -52.92 17.08
9.02 -54.44 17.13
9.86 -53.39 17.18
10.83 -52.68 17.21
10.36 -54.62 17.22
10.45 -53.78 17.23
9.72 -53.33 17.22
8.67 -53.96 17.21
7.91 -54.00 17.17
6.28 -53.10 17.15
5.12 -52.87 17.16
6.60 -53.01 17.20
8.26 -53.92 17.25
10.36 -54.52 17.31
11.77 -54.04 17.40
13.73 -53.95 17.48
13.75 -53.14 17.52
13.54 -53.72 17.53
13.21 -55.30 17.54
13.14 -55.24 17.55
13.17 -55.22 17.57
13.33 -55.54 17.60
13.45 -55.38 17.62
13.48 -55.58 17.63
13.72 -55.33 17.65
13.67 -55.71 17.66
13.71 -55.77 17.68
14.29 -54.59 17.70
13.78 -53.65 17.69
12.41 -53.92 17.67
10.69 -54.27 17.59
8.90 -54.24 17.54
6.25 -54.24 17.66
5.47 -54.14 17.69
4.76 -55.16 17.70
3.79 -55.55 17.67
3.89 -55.51 17.66
2.84 -54.99 17.66
2.18 -55.18 17.66
1.81 -55.14 17.67
1.62 -55.25 17.68
1.59 -56.04 17.70
1.56 -56.06 17.71
1.59 -56.08 17.72
1.60 -56.12 17.74
1.62 -56.16 17.75
1.64 -56.18 17.77
1.65 -56.22 17.78
1.66 -56.27 17.79
1.68 -56.31 17.81
1.69 -56.35 17.82
1.70 -56.40 17.83
1.72 -56.42 17.85
1.75 -56.44 17.86
1.76 -56.48 17.87
1.77 -56.52 17.89
1.78 -56.55 17.90
1.81 -56.59 17.91
1.81 -56.63 17.93
1.84 -56.68 17.94
1.85 -56.70 17.96
1.85 -56.75 17.97
1.88 -56.79 17.98
1.88 -56.82 18.00
1.91 -56.85 18.01
1.91 -56.88 18.02
1.92 -56.92 18.04
1.95 -56.97 18.05
1.95 -57.00 18.06
1.97 -57.01 18.08
1.98 -57.06 18.09
2.01 -57.09 18.10
2.03 -57.13 18.12
2.03 -57.18 18.13
2.06 -57.19 18.14
2.08 -57.26 18.16
2.08 -57.29 18.17
2.10 -57.32 18.19
2.11 -57.36 18.20
2.13 -57.38 18.21
2.14 -57.44 18.23
2.17 -57.47 18.24
2.16 -57.51 18.25
2.19 -57.53 18.27
2.20 -57.57 18.28
2.22 -57.62 18.29
2.24 -57.65 18.31
2.24 -57.68 18.32
2.27 -57.72 18.34
2.27 -57.76 18.35
2.30 -57.79 18.37
2.31 -57.82 18.38
2.32 -57.84 18.39
2.34 -57.91 18.41
2.35 -57.95 18.42
2.36 -57.97 18.43
2.38 -58.00 18.45
2.41 -58.05 18.46
2.42 -58.09 18.48
2.43 -58.14 18.49
2.45 -58.14 18.50
2.45 -58.18 18.52
2.47 -58.23 18.53
2.50 -58.26 18.55
2.50 -58.28 18.56
2.51 -58.32 18.57
2.54 -58.38 18.59
2.55 -58.40 18.60
2.55 -58.43 18.61
2.58 -58.47 18.63
2.60 -58.54 18.64
2.61 -58.55 18.66
2.63 -58.59 18.67
2.64 -58.62 18.68
2.64 -58.66 18.70
2.68 -58.70 18.71
2.70 -58.73 18.72
2.70 -58.77 18.74
2.71 -58.82 18.75
2.73 -58.85 18.77
2.74 -58.88 18.78
2.75 -58.91 18.79
2.77 -58.94 18.81
2.78 -59.00 18.82
2.81 -59.02 18.83
2.83 -59.07 18.85
2.84 -59.11 18.86
2.85 -59.14 18.88
2.85 -59.17 18.89
2.87 -59.23 18.90
2.89 -59.25 18.92
2.91 -59.27 18.93
2.92 -59.31 18.94
2.94 -59.35 18.96
2.96 -59.38 18.97
2.96 -59.43 18.99
2.98 -59.45 19.00
3.01 -59.51 19.01
3.03 -59.53 19.03
3.02 -59.56 19.04
3.04 -59.61 19.06
3.07 -59.65 19.07
3.06 -59.67 19.08
3.11 -59.71 19.10
3.11 -59.76 19.11
3.12 -59.78 19.12
3.13 -59.83 19.14
3.15 -59.85 19.15
3.17 -59.90 19.16
3.19 -59.93 19.18
3.19 -59.98 19.19
3.22 -60.01 19.20
3.23 -60.05 19.22
3.24 -60.08 19.23
3.26 -60.11 19.25
3.25 -60.14 19.26
3.28 -60.18 19.27
3.31 -60.24 19.29
3.30 -60.25 19.30
3.33 -60.29 19.31
3.35 -60.33 19.33
3.36 -60.37 19.34
3.37 -60.40 19.35
3.38 -60.44 19.37
3.40 -60.47 19.38
3.42 -60.50 19.40
3.44 -60.56 19.41
3.46 -60.60 19.42
3.47 -60.63 19.44
3.48 -60.66 19.45
3.50 -60.68 19.46
3.50 -60.73 19.48
3.51 -60.75 19.49
3.55 -60.82 19.51
3.56 -60.83 19.52
3.56 -60.86 19.53
3.59 -60.93 19.54
3.62 -60.94 19.56
3.61 -60.98 19.57
3.63 -61.04 19.59
3.65 -61.07 19.60
3.66 -61.07 19.61
3.67 -61.13 19.63
3.70 -61.18 19.64
3.71 -61.22 19.65
3.71 -61.24 19.67
3.73 -61.28 19.68
3.76 -61.32 19.69
3.76 -61.34 19.71
3.78 -61.39 19.72
3.80 -61.42 19.73
3.81 -61.47 19.75
3.84 -61.51 19.76
3.85 -61.55 19.77
3.87 -61.56 19.79
3.87 -61.62 19.80
3.89 -61.63 19.82
3.89 -61.70 19.83
3.93 -61.72 19.84
3.93 -61.74 19.86
3.95 -61.78 19.87
3.96 -61.82 19.89
3.98 -61.86 19.90
4.00 -61.91 19.91
4.02 -61.96 19.93
4.03 -61.97 19.94
4.03 -62.00 19.95
4.06 -62.07 19.97
4.07 -62.09 19.98
4.08 -62.10 19.99
4.09 -62.13 20.01
4.12 -62.19 20.02
4.13 -62.22 20.04
4.14 -62.27 20.05
4.16 -62.30 20.06
4.19 -62.33 20.08
4.19 -62.37 20.09
4.21 -62.41 20.10
4.21 -62.44 20.12
4.23 -62.47 20.13
4.24 -62.51 20.15
4.27 -62.57 20.16
4.29 -62.59 20.18
4.28 -62.61 20.19
4.31 -62.67 20.20
4.32 -62.71 20.22
4.33 -62.73 20.23
4.36 -62.78 20.24
4.37 -62.81 20.26
4.39 -62.83 20.27
4.39 -62.88 20.28
4.42 -62.92 20.30
4.44 -62.95 20.31
4.46 -63.00 20.33
4.46 -63.02 20.34
4.47 -63.06 20.35
4.49 -63.12 20.37
4.51 -63.15 20.38
4.52 -63.17 20.39
4.53 -63.20 20.41
4.55 -63.22 20.42
4.58 -63.28 20.43
4.59 -63.32 20.45
4.59 -63.35 20.46
4.61 -63.39 20.48
4.63 -63.43 20.49
4.64 -63.47 20.50
4.65 -63.49 20.52
4.68 -63.53 20.53
4.68 -63.56 20.54
4.70 -63.60 20.56
4.70 -63.64 20.57
4.73 -63.67 20.58
4.74 -63.71 20.60
4.76 -63.76 20.61
4.77 -63.78 20.63
4.79 -63.83 20.64
4.80 -63.85 20.65
4.81 -63.91 20.67
4.85 -63.94 20.68
4.84 -63.97 20.69
4.87 -64.01 20.71
4.88 -64.04 20.72
4.89 -64.08 20.74
4.92 -64.13 20.75
4.92 -64.14 20.76
4.94 -64.18 20.78
4.95 -64.23 20.79
4.98 -64.25 20.81
4.98 -64.31 20.82
5.00 -64.33 20.83
5.03 -64.37 20.85
5.03 -64.42 20.86
5.04 -64.44 20.87
5.06 -64.47 20.89
5.08 -64.53 20.90
5.08 -64.54 20.91
5.11 -64.59 20.93
5.13 -64.63 20.94
5.14 -64.66 20.95
5.16 -64.71 20.97
5.17 -64.75 20.98
5.19 -64.77 20.99
5.20 -64.81 21.01
5.22 -64.86 21.02
5.24 -64.90 21.04
5.25 -64.92 21.05
5.26 -64.94 21.06
5.28 -64.99 21.08
5.29 -65.05 21.09
5.30 -65.05 21.10
5.33 -65.10 21.12
5.34 -65.15 21.13
5.35 -65.17 21.15
5.36 -65.22 21.16
5.38 -65.25 21.17
5.40 -65.28 21.19
5.42 -65.33 21.20
5.43 -65.37 21.21
5.45 -65.39 21.23
5.46 -65.42 21.24
5.46 -65.47 21.25
5.48 -65.51 21.27
5.51 -65.52 21.28
5.51 -65.57 21.30
5.53 -65.58 21.31
5.54 -65.64 21.32
5.56 -65.68 21.34
5.58 -65.73 21.35
5.58 -65.76 21.36
5.60 -65.78 21.38
5.62 -65.81 21.39
5.64 -65.86 21.40
5.66 -65.90 21.42
5.67 -65.94 21.43
5.68 -65.97 21.45
5.70 -66.00 21.46
5.72 -66.03 21.47
5.73 -66.08 21.49
5.74 -66.12 21.50
5.78 -66.15 21.51
5.78 -66.19 21.53
5.79 -66.24 21.54
5.81 -66.25 21.55
5.82 -66.31 21.57
5.84 -66.33 21.58
5.86 -66.36 21.60
5.87 -66.40 21.61
5.88 -66.45 21.62
5.90 -66.47 21.64
5.92 -66.52 21.65
5.93 -66.55 21.66
5.94 -66.60 21.68
5.96 -66.64 21.69
5.98 -66.65 21.71
5.99 -66.70 21.72
5.99 -66.73 21.73
6.02 -66.78 21.75
6.04 -66.82 21.76
6.05 -66.83 21.77
6.07 -66.88 21.79
6.08 -66.90 21.80
6.10 -66.96 21.82
6.11 -66.99 21.83
6.12 -67.02 21.84
6.15 -67.04 21.86
6.14 -67.10 21.87
6.17 -67.14 21.88
6.18 -67.19 21.90
6.20 -67.21 21.91
6.22 -67.26 21.93
6.24 -67.28 21.94
6.25 -67.33 21.95
6.27 -67.37 21.97
6.28 -67.39 21.98
6.29 -67.43 21.99
6.32 -67.48 22.01
6.32 -67.51 22.02
6.34 -67.54 22.03
6.35 -67.58 22.05
6.36 -67.63 22.06
6.37 -67.64 22.08
6.40 -67.68 22.09
6.41 -67.70 22.10
6.44 -67.76 22.12
6.44 -67.77 22.13
6.46 -67.82 22.15
6.48 -67.87 22.16
6.49 -67.90 22.17
6.50 -67.94 22.19
6.52 -67.98 22.20
6.52 -68.02 22.21
6.54 -68.04 22.23
6.57 -68.09 22.24
6.57 -68.12 22.26
6.58 -68.16 22.27
6.60 -68.20 22.28
6.60 -68.21 22.30
6.64 -68.28 22.31
6.65 -68.29 22.32
6.67 -68.31 22.34
6.68 -68.39 22.35
6.70 -68.41 22.36
6.71 -68.43 22.38
6.72 -68.48 22.39
6.75 -68.53 22.40
6.77 -68.55 22.42
6.77 -68.61 22.43
6.80 -68.63 22.45
6.81 -68.67 22.46
6.83 -68.70 22.47
6.83 -68.74 22.49
6.85 -68.76 22.50
6.87 -68.81 22.51
6.88 -68.85 22.53
6.89 -68.86 22.54
6.90 -68.91 22.56
6.92 -68.97 22.57
6.95 -69.00 22.58
6.96 -69.04 22.60
6.98 -69.07 22.61
6.98 -69.09 22.62
7.01 -69.16 22.64
7.02 -69.18 22.65
7.02 -69.20 22.66
7.05 -69.26 22.68
7.06 -69.27 22.69
7.07 -69.32 22.71
7.11 -69.35 22.72
7.11 -69.39 22.74
7.12 -69.43 22.75
7.13 -69.46 22.76
7.15 -69.50 22.78
7.16 -69.52 22.79
7.19 -69.59 22.80
7.20 -69.62 22.82
7.20 -69.64 22.83
7.21 -69