19.36 -3.73 0.89
19.42 -3.59 0.89
20.09 -3.44 0.92
21.13 -3.33 0.97
22.16 -3.28 1.02
23.60 -4.34 1.07
24.79 -4.10 1.11
25.59 -3.68 1.14
26.27 -3.62 1.17
26.66 -3.49 1.18
26.52 -4.08 1.20
26.17 -4.30 1.21
26.63 -4.00 1.23
26.49 -3.84 1.23
25.76 -3.82 1.22
24.77 -4.22 1.23
23.44 -4.91 1.22
22.34 -4.53 1.22
21.43 -4.61 1.22
20.71 -4.46 1.23
19.61 -4.29 1.22
19.27 -4.07 1.24
18.81 -3.97 1.25
19.33 -5.12 1.25
18.84 -3.91 1.26
19.25 -4.16 1.29
20.26 -4.21 1.33
21.79 -3.97 1.39
22.28 -3.33 1.43
24.33 -4.78 1.47
25.99 -4.01 1.51
26.68 -3.78 1.54
26.91 -3.87 1.55
26.77 -4.42 1.56
26.45 -4.65 1.58
26.57 -4.84 1.60
25.99 -5.05 1.60
25.44 -4.71 1.61
24.52 -4.87 1.62
23.56 -5.50 1.60
22.49 -5.77 1.60
21.62 -5.25 1.60
20.90 -4.83 1.61
20.34 -4.96 1.64
20.37 -5.01 1.66
20.50 -5.18 1.69
20.64 -5.50 1.71
21.12 -5.88 1.74
21.50 -5.94 1.77
21.84 -6.02 1.78
22.45 -5.89 1.81
22.92 -5.84 1.83
23.11 -5.61 1.86
23.70 -5.71 1.88
24.14 -5.37 1.89
24.56 -5.51 1.91
25.05 -5.82 1.94
25.45 -5.93 1.97
25.44 -5.79 1.98
25.64 -6.29 2.00
25.39 -6.32 2.00
25.43 -6.24 2.02
25.23 -6.46 2.03
25.19 -6.36 2.07
25.28 -6.18 2.10
25.64 -5.70 2.09
26.01 -4.77 2.15
26.06 -5.23 2.17
28.20 -5.35 2.31
29.63 -5.00 2.21
29.13 -5.45 2.27
28.48 -6.29 2.25
28.51 -6.26 2.29
28.55 -6.33 2.32
27.93 -5.67 2.29
27.70 -5.91 2.27
27.21 -6.72 2.30
26.87 -6.75 2.30
26.51 -6.44 2.29
25.64 -6.86 2.28
25.32 -6.60 2.25
24.53 -6.72 2.26
24.01 -6.05 2.24
23.56 -5.99 2.25
23.15 -6.41 2.26
22.52 -6.25 2.27
22.39 -6.11 2.28
22.95 -6.36 2.28
22.69 -6.64 2.29
22.32 -7.00 2.29
21.71 -6.02 2.31
22.11 -5.58 2.33
23.24 -5.84 2.37
24.73 -6.02 2.40
25.95 -6.35 2.45
26.93 -11.14 2.38
26.49 -11.40 2.45
27.39 -11.36 2.44
27.69 -11.17 2.45
28.09 -10.32 2.42
28.54 -11.05 2.44
28.65 -11.05 2.43
29.15 -11.35 2.42
29.57 -11.37 2.43
31.38 -10.62 2.42
30.26 -11.76 2.44
29.66 -11.74 2.46
29.36 -11.68 2.48
29.44 -11.84 2.49
29.41 -12.00 2.51
29.26 -12.05 2.53
29.00 -12.02 2.54
28.61 -11.93 2.57
28.29 -12.11 2.59
28.24 -12.39 2.58
27.95 -12.44 2.59
27.45 -12.38 2.60
26.97 -12.43 2.61
26.93 -12.52 2.63
26.19 -12.61 2.65
25.80 -12.24 2.68
25.13 -12.04 2.71
24.09 -12.15 2.73
22.98 -11.68 2.76
21.43 -12.39 2.79
19.71 -11.66 2.86
17.88 -12.91 2.77
16.89 -11.85 2.82
15.76 -11.45 2.86
14.68 -11.68 2.87
13.09 -12.04 2.89
13.40 -12.78 2.91
13.62 -12.30 2.93
12.85 -12.65 2.95
12.34 -12.16 2.97
12.44 -12.21 2.99
12.74 -11.68 3.01
13.44 -11.79 3.05
14.49 -12.14 3.07
15.54 -12.58 3.07
16.76 -12.66 3.10
18.16 -12.42 3.10
19.14 -12.48 3.11
20.49 -12.32 3.12
21.85 -12.61 3.13
23.64 -12.58 3.14
24.97 -12.54 3.16
26.49 -12.56 3.15
27.71 -12.84 3.15
29.11 -12.84 3.04
29.68 -12.32 3.03
30.60 -12.56 3.03
31.36 -12.65 3.01
32.18 -12.67 3.03
32.79 -13.41 3.05
33.33 -13.25 3.07
33.77 -13.52 3.10
34.08 -13.75 3.12
34.28 -14.02 3.17
34.75 -13.98 3.15
35.10 -14.13 3.15
35.31 -14.18 3.11
35.77 -14.12 3.12
36.39 -13.34 3.13
36.71 -13.63 3.13
36.63 -13.70 3.14
36.57 -13.88 3.16
36.25 -14.11 3.15
35.57 -14.03 3.16
35.21 -14.40 3.17
35.11 -14.48 3.19
34.64 -13.81 3.21
33.70 -14.56 3.23
32.59 -14.76 3.25
31.55 -14.31 3.29
30.30 -14.57 3.30
28.62 -14.20 3.27
27.51 -14.33 3.27
26.57 -14.29 3.27
24.45 -14.19 3.27
22.46 -13.90 3.38
21.44 -13.33 3.52
20.39 -13.73 3.56
18.98 -13.66 3.59
17.85 -13.52 3.61
17.06 -13.71 3.63
16.46 -14.28 3.67
15.50 -14.16 3.71
14.80 -13.83 3.74
14.59 -13.04 3.67
14.68 -13.81 3.72
15.83 -14.18 3.73
17.32 -14.37 3.75
18.36 -14.25 3.73
19.96 -14.28 3.73
21.61 -14.33 3.73
23.74 -14.38 3.74
25.49 -14.41 3.73
27.12 -14.54 3.73
28.98 -14.68 3.73
30.27 -14.60 3.73
31.40 -14.43 3.68
32.08 -14.83 3.67
32.61 -15.55 3.62
33.11 -15.54 3.56
33.99 -15.73 3.54
34.95 -15.63 3.56
35.99 -15.09 3.57
36.42 -14.84 3.59
36.48 -15.31 3.62
36.44 -15.78 3.64
36.16 -16.09 3.68
36.43 -16.31 3.70
36.70 -15.98 3.72
36.70 -15.78 3.72
36.63 -15.31 3.75
36.54 -14.74 3.77
35.94 -14.83 3.80
34.89 -14.95 3.80
33.67 -15.66 3.83
32.69 -15.41 3.78
31.17 -15.72 3.79
29.81 -15.71 3.83
28.07 -15.93 3.86
26.51 -16.03 3.91
25.95 -14.99 3.84
23.56 -15.69 3.87
22.02 -15.45 3.91
20.25 -15.56 3.94
18.66 -15.73 3.92
17.46 -16.11 3.93
16.41 -16.29 3.95
15.50 -15.87 3.96
14.75 -15.55 3.99
14.24 -15.41 4.01
14.42 -15.75 4.02
14.95 -16.49 4.02
15.15 -16.70 4.04
15.76 -16.12 4.04
16.11 -16.83 4.03
16.29 -17.12 4.02
16.45 -17.01 4.07
17.82 -16.33 3.97
17.72 -16.79 4.03
17.38 -17.41 4.05
17.46 -17.74 4.06
17.43 -18.12 4.08
17.44 -18.12 4.09
17.44 -18.13 4.11
17.47 -18.22 4.12
17.48 -18.25 4.14
17.50 -18.30 4.15
17.52 -18.34 4.17
17.53 -18.37 4.18
17.55 -18.42 4.19
18.02 -17.75 4.17
18.82 -18.30 4.15
19.57 -17.46 4.14
19.00 -17.35 4.15
18.51 -16.62 4.13
17.85 -18.32 4.15
17.40 -17.67 4.15
17.18 -17.78 4.18
16.98 -18.09 4.19
16.99 -18.72 4.21
16.81 -18.77 4.23
16.71 -17.99 4.24
16.78 -18.78 4.25
17.03 -17.79 4.27
17.55 -18.32 4.27
17.57 -17.86 4.28
18.40 -18.43 4.30
18.57 -18.71 4.32
19.13 -18.45 4.33
19.86 -18.13 4.35
20.32 -17.45 4.42
21.85 -18.16 4.45
22.44 -17.23 4.45
24.37 -18.22 4.46
25.85 -18.53 4.46
27.07 -18.68 4.47
28.40 -18.76 4.48
29.40 -18.99 4.47
30.23 -19.00 4.48
31.46 -19.12 4.50
32.98 -18.38 4.51
33.44 -18.96 4.54
34.15 -19.12 4.56
35.09 -18.94 4.57
35.64 -19.42 4.59
36.28 -19.11 4.60
36.73 -19.57 4.60
37.32 -19.58 4.61
38.30 -19.10 4.62
38.89 -18.95 4.63
39.15 -19.31 4.64
39.45 -19.53 4.66
39.81 -19.41 4.67
40.05 -19.45 4.69
40.26 -19.46 4.70
40.45 -19.27 4.72
40.38 -19.58 4.73
40.15 -20.13 4.75
40.15 -20.19 4.76
40.15 -20.24 4.77
40.15 -20.22 4.79
40.34 -19.51 4.80
40.42 -18.32 4.82
40.04 -19.27 4.84
39.15 -20.00 4.85
38.32 -20.07 4.87
37.77 -20.00 4.88
37.59 -19.56 4.90
36.94 -19.89 4.96
36.30 -20.06 5.01
35.34 -19.83 5.02
34.42 -19.96 5.06
33.37 -19.97 5.06
32.16 -19.59 5.08
31.00 -19.59 5.11
29.12 -19.82 5.13
27.46 -19.92 5.16
25.65 -19.79 5.19
24.28 -19.40 5.22
23.70 -18.60 5.24
21.20 -19.46 5.23
19.84 -19.83 5.28
18.64 -20.29 5.29
18.11 -20.00 5.29
17.33 -20.70 5.30
16.61 -20.21 5.32
16.29 -20.07 5.32
15.97 -20.35 5.33
15.96 -20.72 5.34
16.02 -20.93 5.36
15.95 -20.90 5.38
16.00 -20.80 5.39
15.74 -20.77 5.41
15.66 -20.75 5.42
15.72 -21.20 5.44
15.85 -20.51 5.45
16.18 -20.39 5.48
16.32 -20.39 5.49
16.74 -20.27 5.50
17.40 -21.27 5.51
18.01 -21.12 5.52
18.62 -21.24 5.54
19.58 -20.70 5.56
20.33 -20.61 5.59
21.36 -20.60 5.62
22.33 -21.07 5.62
23.31 -21.36 5.62
24.26 -21.07 5.65
24.85 -21.74 5.67
25.86 -21.69 5.68
26.78 -21.63 5.68
27.49 -21.47 5.69
28.31 -21.31 5.70
28.78 -21.63 5.71
29.37 -21.57 5.72
30.01 -21.64 5.72
31.25 -21.44 5.73
32.19 -21.41 5.75
32.47 -21.06 5.81
33.55 -21.60 5.83
34.59 -21.61 5.84
35.72 -21.48 5.84
36.68 -21.51 5.85
37.71 -21.43 5.86
38.71 -21.59 5.88
39.61 -21.56 5.89
40.51 -21.23 5.90
40.80 -21.29 5.91
41.07 -21.85 5.92
41.18 -22.44 5.93
41.41 -22.52 5.95
41.67 -22.39 5.96
41.92 -22.45 5.97
42.15 -22.21 5.98
42.18 -22.20 6.00
42.32 -22.23 6.02
42.31 -22.21 6.03
42.10 -22.45 6.06
42.09 -22.20 6.08
41.56 -22.58 6.09
41.20 -22.88 6.12
40.82 -22.98 6.13
40.48 -22.70 6.13
39.91 -23.05 6.14
39.27 -22.98 6.16
38.65 -23.08 6.16
37.97 -22.89 6.15
37.29 -22.96 6.16
36.45 -22.79 6.14
35.99 -22.75 6.06
34.80 -22.72 5.99
33.62 -22.81 5.95
32.44 -22.88 5.94
31.55 -22.80 5.82
29.28 -23.07 5.78
27.59 -22.81 5.92
26.58 -22.94 6.27
26.26 -23.03 6.45
24.81 -23.21 6.48
23.76 -22.96 6.48
22.77 -22.80 6.50
21.53 -23.26 6.52
20.41 -23.37 6.55
19.84 -23.55 6.56
19.75 -22.72 6.58
18.58 -22.92 6.60
17.25 -22.49 6.61
17.86 -22.97 6.62
17.77 -23.54 6.66
18.21 -23.39 6.68
18.75 -23.83 6.69
19.53 -23.38 6.70
20.37 -23.55 6.70
21.22 -23.52 6.75
22.37 -23.42 6.75
23.46 -23.80 6.76
24.49 -23.83 6.77
25.25 -24.15 6.78
25.89 -23.36 6.78
26.33 -24.15 6.80
27.18 -23.94 6.81
28.21 -23.73 6.82
29.28 -23.48 6.83
29.77 -24.27 6.83
30.81 -23.59 6.83
31.63 -24.11 6.89
32.47 -24.33 6.92
33.55 -24.16 6.86
34.66 -23.50 6.84
35.43 -24.35 6.87
36.58 -24.11 6.88
37.34 -24.37 6.89
37.94 -24.61 6.89
38.56 -24.21 6.90
39.33 -24.82 6.92
40.03 -24.65 6.92
40.63 -24.99 6.93
41.07 -25.02 6.94
41.48 -24.76 6.94
42.02 -24.92 6.96
42.68 -25.29 6.97
42.98 -25.15 6.98
43.06 -25.15 6.99
43.33 -25.38 7.00
43.35 -25.21 7.00
43.42 -25.36 7.01
43.30 -25.55 7.03
43.44 -25.45 7.05
43.72 -25.65 7.07
44.02 -25.74 7.09
43.92 -25.66 7.10
44.14 -25.46 7.11
44.10 -25.60 7.12
43.75 -25.74 7.12
43.76 -25.91 7.14
43.59 -25.81 7.14
43.71 -25.90 7.15
43.39 -25.74 7.15
43.22 -26.02 7.16
42.79 -26.13 7.17
42.43 -26.19 7.18
42.14 -26.23 7.20
41.88 -26.16 7.21
41.40 -26.20 7.23
40.75 -26.12 7.24
40.60 -26.04 7.27
40.36 -26.27 7.28
39.94 -26.15 7.30
39.55 -26.09 7.32
39.02 -26.14 7.33
38.26 -25.84 7.31
37.50 -26.13 7.26
36.47 -26.42 7.19
35.51 -26.44 7.10
34.50 -26.64 7.07
33.43 -26.28 7.06
32.30 -26.30 7.01
31.05 -26.21 7.01
29.84 -26.31 7.06
28.74 -26.76 7.12
27.56 -26.83 7.17
26.52 -26.63 7.19
25.64 -26.68 7.25
24.54 -26.80 7.25
23.63 -26.91 7.25
22.68 -26.82 7.25
21.79 -26.76 7.27
21.08 -27.11 7.27
20.29 -27.10 7.26
19.68 -27.12 7.27
19.05 -27.57 7.29
18.50 -27.41 7.30
18.03 -27.56 7.30
17.41 -27.38 7.32
16.85 -27.70 7.33
16.55 -27.75 7.35
16.06 -27.89 7.35
15.66 -28.24 7.52
15.54 -27.47 7.61
15.33 -28.38 7.68
14.51 -27.00 7.69
15.12 -28.55 7.71
15.17 -28.49 7.73
15.11 -28.36 7.75
15.08 -28.25 7.78
14.69 -27.94 7.89
14.41 -27.17 8.15
14.58 -28.29 8.42
15.81 -26.92 8.42
16.83 -27.61 8.44
17.63 -27.62 8.46
18.34 -27.69 8.47
19.45 -28.10 8.49
20.72 -28.46 8.49
22.59 -26.23 8.46
23.11 -28.28 8.56
25.63 -27.29 8.51
25.98 -27.55 8.56
26.71 -28.00 8.56
27.23 -28.69 8.55
27.94 -28.25 8.56
28.77 -28.73 8.56
29.65 -28.85 8.56
30.50 -28.29 8.56
31.57 -28.34 8.56
32.68 -28.50 8.57
34.02 -28.76 8.58
35.37 -28.67 8.59
36.69 -28.41 8.59
37.88 -28.21 8.60
38.68 -28.30 8.61
39.05 -28.74 8.61
39.59 -28.67 8.62
40.15 -29.33 8.62
40.85 -29.26 8.63
41.32 -29.02 8.64
41.82 -29.22 8.65
42.21 -29.48 8.66
42.59 -29.16 8.67
43.25 -29.22 8.67
44.03 -29.39 8.68
44.49 -28.86 8.69
44.78 -29.33 8.70
44.82 -29.67 8.72
44.89 -29.52 8.73
45.13 -29.61 8.74
45.32 -29.54 8.76
45.48 -29.43 8.76
45.62 -29.23 8.77
45.92 -29.25 8.79
45.94 -29.38 8.79
46.00 -29.55 8.81
45.83 -29.74 8.82
45.80 -29.76 8.83
45.15 -29.89 8.85
44.44 -30.04 8.86
44.16 -30.12 8.88
43.99 -29.92 8.90
43.44 -29.80 8.92
42.83 -29.85 8.94
42.21 -29.84 8.96
41.31 -29.87 8.99
40.60 -29.98 9.01
39.81 -30.11 9.04
38.92 -30.30 9.10
38.43 -30.02 9.19
37.48 -30.27 9.19
36.84 -30.30 9.22
36.20 -30.32 9.23
35.46 -30.23 9.23
34.82 -30.14 9.25
34.10 -30.25 9.27
33.31 -30.27 9.29
32.66 -30.24 9.32
32.01 -30.26 9.34
31.44 -30.19 9.36
30.80 -30.27 9.39
30.12 -30.47 9.39
29.40 -30.68 9.42
28.79 -30.48 9.44
28.24 -30.50 9.46
27.50 -30.64 9.49
26.95 -30.60 9.51
26.36 -30.59 9.51
25.79 -30.63 9.55
25.20 -30.79 9.57
24.58 -31.08 9.57
23.99 -31.12 9.55
23.71 -31.35 9.61
22.99 -30.88 9.60
22.57 -31.34 9.63
22.07 -31.01 9.65
21.77 -31.12 9.67
21.32 -31.06 9.68
20.83 -31.49 9.70
20.25 -31.58 9.73
19.99 -31.66 9.74
19.74 -31.40 9.75
19.20 -31.24 9.76
18.99 -31.67 9.78
18.66 -31.29 9.79
18.61 -31.29 9.81
18.65 -31.18 9.82
18.62 -31.40 9.84
18.74 -30.98 9.85
18.90 -31.21 9.86
19.49 -31.10 9.87
20.07 -30.99 9.88
21.19 -31.21 9.88
22.26 -31.84 9.89
23.24 -31.88 9.89
24.54 -31.78 9.89
25.97 -31.67 9.92
27.00 -31.84 9.97
28.47 -31.77 9.94
29.07 -31.93 9.94
30.23 -31.61 9.95
31.60 -31.93 9.95
32.67 -32.05 9.96
33.98 -32.09 9.97
35.11 -32.17 9.98
35.83 -32.46 9.99
37.06 -32.33 9.99
38.19 -32.19 10.00
39.06 -31.80 10.00
39.71 -31.46 10.01
39.69 -31.46 10.02
39.61 -32.31 10.04
38.82 -32.42 10.05
38.81 -32.41 10.07
38.58 -32.49 10.09
38.10 -32.53 10.11
37.70 -32.48 10.13
36.84 -32.28 10.16
35.79 -32.25 10.17
34.96 -32.25 10.19
33.61 -32.31 10.22
31.56 -32.71 10.25
30.00 -32.63 10.28
28.64 -32.23 10.30
26.87 -32.14 10.34
24.67 -32.69 10.38
23.90 -32.92 10.39
22.92 -33.17 10.42
22.17 -33.18 10.40
21.45 -33.01 10.40
20.82 -33.29 10.42
20.32 -32.92 10.43
20.25 -33.12 10.46
19.95 -33.15 10.49
19.96 -33.09 10.49
20.31 -32.73 10.52
21.11 -33.54 10.52
21.35 -33.49 10.53
21.31 -33.45 10.55
21.13 -33.18 10.56
21.69 -33.85 10.58
21.70 -33.85 10.59
21.79 -33.80 10.61
21.85 -33.50 10.62
22.07 -33.11 10.64
22.62 -32.80 10.65
23.42 -32.97 10.67
24.75 -33.10 10.68
25.82 -33.55 10.69
26.96 -33.17 10.71
28.35 -33.34 10.78
29.42 -33.43 10.80
30.92 -33.75 10.80
32.43 -33.34 10.81
34.18 -33.50 10.81
36.20 -33.31 10.81
37.40 -32.65 10.83
38.05 -33.43 10.84
38.64 -34.05 10.85
39.58 -34.05 10.86
40.48 -34.28 10.86
41.44 -34.02 10.88
42.41 -34.10 10.89
42.78 -34.67 10.91
43.67 -34.50 10.93
44.82 -34.09 10.94
45.28 -34.39 10.96
45.49 -34.74 10.96
46.19 -34.63 10.98
46.85 -34.23 11.00
46.89 -34.60 11.01
46.65 -34.89 11.02
46.67 -34.77 11.03
46.74 -34.86 11.05
46.28 -34.52 11.06
46.34 -34.76 11.08
47.08 -35.26 11.08
47.54 -34.66 11.09
46.87 -34.64 11.11
46.83 -34.82 11.13
47.06 -35.10 11.14
46.88 -35.09 11.16
46.60 -35.22 11.17
46.59 -35.31 11.19
46.96 -34.88 11.21
46.92 -34.74 11.23
46.42 -35.05 11.25
45.79 -35.38 11.26
45.50 -35.40 11.28
45.06 -35.52 11.30
44.75 -35.45 11.31
44.45 -35.37 11.32
44.30 -35.50 11.34
44.12 -35.53 11.35
43.82 -35.33 11.37
43.57 -35.31 11.39
43.68 -35.21 11.41
44.76 -35.11 11.42
44.79 -35.59 11.44
44.73 -35.49 11.46
44.79 -35.24 11.47
45.11 -35.43 11.49
46.33 -35.88 11.50
47.76 -35.64 11.51
48.83 -35.69 11.53
49.91 -35.23 11.54
50.23 -35.46 11.55
50.41 -35.77 11.57
50.71 -35.78 11.58
50.83 -35.83 11.59
50.70 -35.87 11.61
50.11 -36.05 11.63
49.72 -36.12 11.66
49.13 -36.39 11.67
48.44 -36.23 11.68
47.60 -36.04 11.70
46.57 -35.88 11.71
45.52 -36.02 11.73
44.22 -36.25 11.75
43.20 -36.64 11.78
41.46 -36.08 11.80
40.72 -35.57 11.83
40.34 -35.61 11.85
40.16 -35.83 11.87
40.08 -35.92 11.89
39.73 -36.28 11.90
39.26 -36.45 11.92
39.16 -35.49 11.95
40.35 -36.28 11.96
41.98 -36.23 11.87
43.25 -36.37 11.88
44.41 -35.84 11.89
45.10 -35.93 11.90
45.01 -36.74 11.91
45.21 -37.07 11.91
45.57 -36.93 11.92
46.35 -37.32 11.93
47.32 -37.20 11.93
48.03 -36.82 11.94
48.40 -36.93 11.95
49.12 -37.11 11.97
49.78 -37.05 11.98
50.45 -37.06 11.99
50.20 -36.26 12.00
50.01 -37.38 12.02
49.42 -37.07 12.04
48.60 -37.15 12.02
47.59 -37.26 12.04
46.80 -37.76 12.06
45.78 -37.34 12.08
45.44 -37.38 12.10
44.79 -37.36 12.12
44.69 -37.15 12.13
44.83 -37.40 12.15
43.81 -37.28 12.17
43.72 -37.33 12.18
43.53 -37.28 12.20
43.61 -37.51 12.22
43.38 -37.50 12.24
43.45 -37.87 12.27
44.06 -38.38 12.30
44.93 -37.44 12.29
45.46 -37.30 12.32
45.89 -36.92 12.32
45.36 -37.41 12.34
43.99 -38.79 12.35
43.81 -38.48 12.37
43.60 -37.92 12.39
43.54 -37.94 12.41
43.01 -37.93 12.44
42.28 -37.46 12.46
41.41 -36.70 12.46
40.42 -36.99 12.48
38.83 -37.55 12.49
37.31 -37.31 12.52
35.67 -37.21 12.54
35.48 -37.42 12.55
35.35 -38.47 12.57
35.51 -38.61 12.58
35.13 -38.24 12.59
36.00 -39.09 12.61
36.11 -37.75 12.62
36.49 -37.98 12.64
36.58 -38.12 12.64
37.28 -38.31 12.66
38.65 -38.36 12.67
40.26 -38.97 12.81
41.64 -38.20 12.86
43.76 -37.66 12.88
43.79 -37.32 12.84
43.02 -38.21 12.86
42.88 -39.56 12.88
43.00 -39.69 12.89
43.18 -39.65 12.90
43.42 -39.35 12.92
44.04 -38.55 12.94
43.68 -37.97 12.96
43.06 -37.86 12.96
41.15 -38.62 13.03
39.31 -38.47 13.05
37.87 -37.26 13.08
36.93 -37.58 13.10
39.03 -38.13 13.11
38.86 -38.70 13.13
39.15 -38.95 13.13
39.66 -38.84 13.14
41.49 -40.12 13.14
44.00 -38.57 13.17
43.82 -37.51 13.16
43.82 -38.71 13.19
43.48 -38.26 13.21
41.74 -38.90 13.23
38.98 -37.07 13.16
38.68 -37.56 13.17
39.66 -38.39 13.20
40.08 -40.02 13.20
40.70 -39.63 13.22
41.56 -39.20 13.23
42.65 -39.07 13.24
41.45 -40.73 13.26
41.97 -39.89 13.28
42.49 -39.44 13.28
40.96 -40.34 13.30
40.81 -38.46 13.31
40.39 -39.38 13.34
40.45 -39.01 13.35
42.21 -40.11 13.35
43.05 -39.39 13.36
43.08 -38.95 13.37
43.02 -40.33 13.39
44.09 -39.67 13.41
43.89 -38.63 13.42
41.35 -40.43 13.41
39.95 -38.75 13.47
40.14 -38.92 13.47
40.68 -39.52 13.49
41.74 -41.06 13.51
42.60 -40.21 13.51
43.38 -39.97 13.50
43.84 -40.19 13.50
43.53 -39.76 13.52
43.11 -41.48 13.54
44.00 -40.77 13.56
45.27 -40.45 13.59
44.37 -39.80 13.60
41.79 -40.00 13.62
42.09 -39.27 13.64
42.34 -40.43 13.66
42.01 -39.76 13.67
43.08 -40.69 13.66
44.42 -41.07 13.66
45.84 -40.33 13.67
46.07 -39.98 13.68
46.14 -41.06 13.70
47.02 -39.77 13.72
46.02 -39.82 13.79
43.48 -41.48 13.80
41.45 -40.05 13.87
40.78 -39.09 13.87
41.16 -40.34 13.89
41.32 -40.39 13.93
41.98 -41.19 13.93
42.68 -41.81 13.93
43.28 -42.27 13.92
44.81 -41.10 13.92
46.05 -40.18 13.93
45.18 -41.89 13.97
45.57 -41.26 13.98
45.30 -41.32 14.01
44.98 -41.80 14.05
42.89 -41.37 14.09
42.33 -40.07 14.11
42.34 -40.53 14.12
42.88 -40.54 14.11
44.09 -42.19 14.09
45.15 -41.55 14.10
46.49 -41.11 14.11
46.87 -40.98 14.13
47.01 -42.03 14.14
47.58 -41.22 14.15
47.26 -41.41 14.16
46.06 -41.74 14.27
44.16 -42.42 14.28
43.21 -41.34 14.31
43.45 -41.35 14.34
43.57 -42.25 14.35
43.73 -42.89 14.37
43.83 -43.26 14.38
43.48 -42.60 14.40
43.30 -42.01 14.41
43.16 -41.75 14.42
43.54 -41.55 14.44
44.69 -42.44 14.39
46.39 -42.90 14.41
47.23 -42.48 14.44
47.65 -42.25 14.44
48.01 -42.05 14.45
48.51 -41.97 14.46
47.70 -43.50 14.48
47.75 -43.63 14.50
48.01 -43.24 14.51
48.26 -42.78 14.53
48.48 -42.22 14.54
47.75 -41.54 14.56
46.75 -42.25 14.57
45.51 -41.89 14.59
43.49 -43.33 14.63
41.26 -41.50 14.58
39.42 -41.01 14.59
38.83 -41.29 14.60
39.10 -43.71 14.61
38.77 -43.41 14.63
39.13 -43.96 14.64
39.55 -42.65 14.66
39.92 -42.04 14.67
40.49 -42.01 14.68
41.20 -41.82 14.68
42.58 -43.51 14.63
43.91 -44.03 14.63
46.08 -42.93 14.64
47.33 -42.56 14.67
47.08 -42.22 14.68
46.29 -44.10 14.70
46.47 -44.39 14.72
46.48 -44.51 14.73
46.49 -44.27 14.75
46.39 -43.92 14.76
45.72 -43.19 14.77
45.27 -43.21 14.79
44.47 -43.63 14.80
43.37 -44.25 14.82
42.16 -43.47 14.85
40.84 -44.17 14.88
39.38 -42.90 14.80
37.92 -43.30 14.83
35.35 -43.97 14.87
33.96 -44.11 14.89
33.56 -44.26 14.91
32.90 -44.20 14.93
32.07 -44.35 14.95
31.33 -44.45 14.96
30.64 -44.39 14.98
30.12 -44.14 15.00
30.27 -44.33 15.04
30.25 -44.16 15.00
30.46 -43.93 14.99
31.22 -44.30 14.98
30.55 -44.22 14.98
31.11 -44.12 14.97
30.72 -44.00 14.96
30.55 -43.89 14.99
31.97 -44.92 15.02
32.07 -44.66 15.05
32.25 -44.67 15.11
33.11 -44.18 15.15
34.07 -44.46 15.21
34.59 -44.84 15.25
35.04 -44.62 15.29
35.48 -45.33 15.31
35.64 -45.35 15.32
35.90 -45.48 15.34
35.91 -43.89 15.36
37.06 -43.98 15.36
38.57 -44.37 15.36
40.70 -45.31 15.36
42.12 -44.94 15.37
43.81 -44.58 15.40
44.54 -44.88 15.40
45.11 -45.00 15.44
45.75 -44.45 15.48
46.35 -43.85 15.53
46.06 -44.83 15.57
45.98 -45.05 15.60
46.75 -44.79 15.66
46.77 -43.98 15.45
46.95 -46.15 15.48
46.95 -46.42 15.47
46.73 -46.69 15.50
46.64 -46.82 15.51
46.65 -46.88 15.52
46.70 -46.89 15.54
46.70 -46.95 15.55
46.74 -47.00 15.57
46.75 -47.03 15.58
46.76 -47.08 15.60
46.77 -47.12 15.61
46.79 -47.13 15.63
46.44 -46.60 15.67
46.32 -45.75 15.69
44.85 -46.17 15.72
44.53 -46.44 15.76
45.03 -45.80 15.79
45.55 -45.63 15.80
44.72 -46.98 15.82
44.63 -46.62 15.85
44.00 -45.97 15.87
44.63 -46.74 15.88
45.35 -46.84 15.90
45.36 -46.85 15.91
45.78 -46.96 15.92
46.72 -46.64 15.91
46.84 -46.81 15.91
47.39 -47.09 15.93
47.96 -47.11 15.94
48.60 -47.00 15.96
48.75 -46.71 15.97
48.87 -46.75 15.99
49.13 -46.97 16.01
49.13 -46.92 16.03
49.03 -47.15 16.06
49.03 -47.17 16.08
48.81 -47.17 16.09
48.39 -47.15 16.11
47.91 -47.31 16.11
47.22 -47.52 16.11
46.43 -47.60 16.11
45.46 -47.82 16.13
44.94 -47.50 16.15
43.98 -47.73 16.17
43.17 -47.97 16.18
42.24 -47.97 16.20
41.23 -47.75 16.21
40.36 -48.06 16.23
39.22 -48.11 16.25
38.24 -48.12 16.27
37.47 -47.63 16.28
36.07 -47.18 16.30
35.09 -47.34 16.32
34.04 -47.29 16.31
33.00 -47.85 16.31
32.33 -47.93 16.31
31.99 -47.86 16.34
31.30 -47.81 16.36
30.70 -47.98 16.38
30.36 -48.19 16.39
29.97 -48.42 16.41
29.62 -48.42 16.43
29.54 -48.17 16.44
29.44 -48.35 16.46
29.43 -48.61 16.47
29.46 -48.65 16.48
29.51 -48.02 16.50
29.76 -48.08 16.51
30.20 -48.00 16.53
30.71 -47.91 16.54
31.31 -48.16 16.56
31.87 -48.66 16.60
32.68 -48.30 16.65
33.74 -48.57 16.67
34.50 -48.34 16.65
35.87 -48.34 16.67
36.75 -48.71 16.68
37.92 -48.66 16.70
39.00 -48.50 16.72
40.00 -48.58 16.74
40.90 -48.79 16.75
41.87 -48.78 16.77
42.77 -48.87 16.79
43.50 -49.04 16.80
44.66 -48.90 16.82
45.80 -48.78 16.84
46.77 -48.68 16.86
47.54 -48.59 16.90
48.26 -48.94 16.90
48.96 -48.72 16.91
49.49 -48.96 16.92
50.08 -49.23 16.92
50.72 -49.31 16.94
51.32 -49.10 16.95
51.72 -48.86 16.96
51.75 -48.88 16.98
51.84 -49.60 16.99
52.29 -49.51 17.01
52.56 -49.39 17.03
52.60 -49.50 17.04
52.72 -49.49 17.06
52.86 -49.45 17.08
52.76 -49.59 17.09
52.63 -49.67 17.10
52.30 -49.96 17.10
52.02 -50.15 17.11
51.78 -49.89 17.12
51.69 -50.13 17.14
51.23 -50.09 17.16
50.72 -50.13 17.17
50.35 -50.31 17.18
49.84 -50.20 17.18
49.21 -50.09 17.19
48.84 -49.74 17.16
49.03 -50.13 17.07
48.43 -49.81 16.90
47.08 -49.52 16.71
47.20 -50.18 16.61
46.80 -49.64 16.58
46.72 -50.01 16.50
45.78 -50.10 16.41
45.40 -50.18 16.32
44.71 -49.90 16.25
43.73 -50.27 16.18
42.91 -50.08 16.12
42.04 -50.16 16.05
41.27 -50.01 16.01
40.60 -50.52 15.97
40.01 -50.75 15.95
39.37 -50.68 15.97
38.88 -50.27 16.02
37.70 -50.61 16.12
37.40 -51.00 16.34
37.41 -50.77 16.57
36.82 -51.01 16.71
36.93 -50.92 16.77
35.78 -51.60 16.81
35.27 -51.75 16.85
35.26 -52.06 16.87
35.34 -51.88 16.89
35.06 -51.99 16.91
35.05 -52.08 16.92
35.19 -52.00 16.94
35.08 -52.09 16.96
34.98 -52.32 16.97
35.00 -52.38 16.98
35.03 -52.41 17.00
35.05 -52.47 17.01
35.07 -52.51 17.03
35.18 -52.21 17.04
35.44 -51.61 17.06
35.75 -51.63 17.09
36.39 -51.19 17.10
37.33 -51.15 17.13
38.09 -51.52 17.14
39.75 -51.51 17.15
41.05 -52.73 17.15
42.89 -51.70 17.16
44.06 -51.39 17.17
44.76 -52.00 17.19
44.98 -52.52 17.20
45.70 -52.87 17.22
46.58 -52.77 17.23
47.13 -52.79 17.25
48.01 -53.06 17.27
48.86 -52.89 17.27
49.06 -52.71 17.29
49.52 -52.48 17.31
50.24 -52.76 17.33
50.94 -52.84 17.34
51.95 -53.19 17.36
52.87 -53.14 17.38
53.80 -52.79 17.39
54.55 -52.50 17.40
54.69 -52.83 17.41
54.66 -53.16 17.42
55.03 -52.96 17.43
55.14 -53.03 17.45
55.28 -52.90 17.46
55.24 -53.12 17.48
54.61 -53.79 17.49
54.62 -53.83 17.51
54.64 -53.87 17.53
54.66 -53.93 17.54
55.00 -53.34 17.56
55.82 -52.66 17.57
56.04 -52.09 17.60
54.11 -52.12 17.63
51.87 -52.61 17.66
51.43 -51.92 17.69
51.47 -52.61 17.70
51.45 -53.46 17.72
52.08 -54.26 17.72
51.56 -53.93 17.74
52.10 -54.21 17.76
52.13 -54.26 17.77
51.92 -54.37 17.79
51.92 -54.38 17.81
51.93 -54.41 17.82
51.90 -54.56 17.84
51.91 -54.59 17.85
51.91 -54.62 17.87
51.94 -54.67 17.88
51.94 -54.71 17.90
51.96 -54.73 17.91
51.96 -54.77 17.93
51.99 -54.81 17.94
52.00 -54.88 17.96
52.01 -54.89 17.98
52.07 -54.78 17.99
52.03 -54.96 18.00
52.88 -53.57 18.01
51.89 -53.97 18.04
50.52 -54.35 18.05
50.39 -54.49 18.05
50.44 -55.01 18.07
49.91 -54.70 18.09
49.49 -55.15 18.11
48.97 -55.01 18.14
48.53 -55.39 18.17
48.07 -55.46 18.18
47.59 -55.04 18.21
47.15 -54.77 18.23
46.87 -55.02 18.26
46.43 -55.19 18.27
46.09 -55.50 18.29
45.69 -55.13 18.31
45.52 -54.87 18.34
45.81 -55.21 18.38
45.88 -55.68 18.50
45.79 -56.26 18.59
45.69 -56.66 18.66
45.23 -56.32 18.67
45.20 -56.32 18.66
45.29 -56.40 18.64
45.15 -56.23 18.59
45.31 -55.58 18.52
45.76 -55.37 18.51
46.21 -55.50 18.50
46.18 -54.95 18.51
46.08 -55.29 18.52
46.23 -55.79 18.54
46.40 -55.77 18.55
46.83 -56.17 18.56
46.78 -55.73 18.57
46.69 -56.00 18.58
46.47 -55.97 18.60
46.37 -55.95 18.61
46.58 -55.48 18.63
46.46 -55.81 18.66
46.13 -55.94 18.70
45.54 -55.13 18.77
44.97 -55.55 18.81
44.34 -56.43 18.86
43.77 -56.88 19.05
43.45 -57.05 19.33
42.83 -56.97 19.66
42.36 -56.32 19.91
41.90 -55.93 20.03
41.58 -55.66 19.95
41.53 -55.84 19.79
41.45 -55.93 19.56
41.58 -56.40 19.20
42.06 -56.58 18.87
41.50 -56.23 18.87
42.20 -56.55 18.91
42.75 -56.37 18.93
43.61 -56.84 18.95
44.16 -56.45 18.92
44.84 -56.65 18.89
44.78 -56.53 18.89
45.36 -56.82 18.91
45.55 -56.82 18.92
45.80 -56.72 18.93
45.89 -56.82 18.94
46.05 -56.79 18.96
46.09 -56.91 18.97
45.98 -57.23 18.99
46.01 -56.95 19.00
46.01 -56.43 19.03
45.17 -55.62 19.05
44.38 -57.27 19.09
43.69 -57.22 19.13
43.29 -57.49 19.17
42.85 -57.48 19.28
42.17 -57.36 19.39
41.85 -57.07 19.38
41.78 -57.05 19.31
41.68 -57.01 19.24
41.82 -57.67 19.25
41.74 -57.48 19.26
41.76 -57.02 19.28
42.17 -57.13 19.29
42.79 -57.25 19.30
43.52 -57.81 19.32
44.19 -57.82 19.32
44.86 -57.64 19.33
45.32 -57.49 19.35
45.57 -57.43 19.36
45.81 -57.42 19.38
45.87 -57.43 19.39
45.70 -57.64 19.41
45.64 -57.34 19.46
45.09 -57.23 19.48
44.55 -57.41 19.48
44.32 -58.15 19.48
44.04 -58.34 19.47
43.33 -57.99 19.49
43.09 -57.98 19.50
42.93 -57.93 19.53
42.83 -58.08 19.54
42.98 -58.49 19.56
42.84 -58.33 19.57
42.87 -57.87 19.58
43.23 -58.26 19.59
43.61 -58.32 19.62
44.12 -58.76 19.62
44.60 -58.82 19.63
45.11 -58.90 19.64
45.67 -58.74 19.66
46.13 -58.53 19.67
46.18 -58.75 19.68
46.28 -58.82 19.69
46.38 -58.88 19.71
46.45 -58.92 19.72
46.42 -59.14 19.73
46.43 -59.22 19.75
46.37 -59.28 19.76
46.33 -59.28 19.78
46.37 -59.37 19.80
46.42 -59.39 19.81
46.29 -59.35 19.83
46.06 -59.16 19.84
45.83 -59.18 19.86
45.51 -59.04 19.87
45.12 -59.19 19.89
44.73 -59.58 19.92
44.50 -59.63 19.93
43.99 -59.72 19.95
43.64 -59.23 19.97
43.58 -59.35 19.98
43.59 -59.49 20.00
43.60 -59.70 20.02
43.52 -59.91 20.03
43.36 -59.94 20.04
43.23 -60.00 20.06
43.05 -60.00 20.07
42.91 -60.07 20.09
42.80 -60.09 20.10
42.58 -60.07 20.12
42.33 -60.20 20.14
42.11 -60.07 20.15
41.77 -60.20 20.17
41.44 -60.13 20.18
41.27 -60.37 20.21
40.99 -60.35 20.22
40.69 -60.38 20.25
40.39 -60.53 20.26
40.09 -60.38 20.28
39.91 -60.34 20.29
39.77 -60.62 20.31
39.67 -60.49 20.33
39.61 -60.54 20.34
39.72 -60.76 20.36
39.73 -60.79 20.37
39.76 -60.84 20.39
39.77 -60.87 20.40
39.78 -60.91 20.42
39.84 -60.90 20.43
39.81 -60.98 20.44
39.80 -61.02 20.46
39.83 -61.05 20.47
39.83 -61.10 20.49
39.84 -61.12 20.50
39.85 -61.16 20.52
39.88 -61.21 20.53
39.89 -61.25 20.55
39.92 -61.28 20.56
39.97 -61.32 20.57
40.03 -61.35 20.59
40.10 -61.38 20.60
40.22 -61.42 20.61
40.37 -61.47 20.63
40.50 -61.51 20.64
40.60 -61.57 20.65
40.65 -61.59 20.66
40.73 -61.64 20.68
40.79 -61.68 20.69
40.81 -61.73 20.70
40.85 -61.76 20.72
40.88 -61.79 20.73
40.92 -61.82 20.75
40.95 -61.86 20.76
41.00 -61.92 20.78
41.03 -61.95 20.79
41.06 -62.00 20.80
41.10 -62.03 20.82
41.14 -62.03 20.83
41.19 -62.05 20.85
41.26 -62.10 20.86
41.35 -62.18 20.87
41.40 -62.19 20.89
41.51 -62.25 20.90
41.61 -62.29 20.92
41.72 -62.28 20.93
41.88 -62.31 20.95
41.99 -62.38 20.96
42.13 -62.38 20.97
42.32 -62.45 20.99
42.54 -62.51 21.00
42.77 -62.48 21.02
43.01 -62.51 21.03
43.24 -62.49 21.04
43.49 -62.63 21.05
43.80 -62.72 21.06
43.97 -62.76 21.07
44.13 -62.77 21.09
44.25 -62.85 21.10
44.39 -62.83 21.11
44.53 -62.93 21.12
44.64 -62.96 21.13
44.80 -62.85 21.15
44.89 -63.02 21.16
45.00 -63.06 21.18
45.15 -63.10 21.19
45.23 -63.13 21.20
45.37 -63.16 21.22
45.48 -63.15 21.23
45.56 -63.19 21.24
45.72 -63.23 21.26
45.79 -63.33 21.27
45.89 -63.34 21.28
45.97 -63.39 21.30
46.01 -63.43 21.31
46.12 -63.48 21.33
46.19 -63.51 21.34
46.27 -63.55 21.36
46.35 -63.55 21.37
46.45 -63.50 21.38
46.48 -63.64 21.40
46.51 -63.71 21.41
46.54 -63.76 21.43
46.57 -63.79 21.44
46.59 -63.84 21.45
46.59 -63.87 21.47
46.62 -63.91 21.48
46.64 -63.95 21.50
46.63 -63.99 21.51
46.64 -64.02 21.53
46.67 -64.07 21.54
46.60 -64.03 21.55
46.60 -64.10 21.57
46.51 -64.12 21.58
46.45 -64.16 21.60
46.38 -64.24 21.62
46.38 -64.26 21.63
46.37 -64.31 21.65
46.39 -64.35 21.66
46.37 -64.40 21.68
46.39 -64.44 21.70
46.41 -64.46 21.71
46.49 -64.52 21.72
46.53 -64.54 21.74
46.60 -64.61 21.76
46.64 -64.64 21.77
46.70 -64.64 21.79
46.73 -64.70 21.80
46.80 -64.73 21.82
46.81 -64.77 21.83
46.82 -64.83 21.84
46.82 -64.87 21.86
46.85 -64.90 21.87
46.88 -64.94 21.89
46.88 -64.99 21.90
46.89 -65.02 21.92
46.91 -65.07 21.93
46.92 -65.10 21.95
46.94 -65.14 21.96
46.97 -65.17 21.98
46.97 -65.22 21.99
46.99 -65.26 22.00
47.00 -65.29 22.02
47.02 -65.33 22.03
47.03 -65.36 22.05
47.06 -65.40 22.06
47.07 -65.44 22.08
47.08 -65.48 22.09
47.11 -65.49 22.11
47.12 -65.56 22.12
47.13 -65.60 22.14
47.15 -65.64 22.15
47.18 -65.67 22.16
47.18 -65.71 22.18
47.21 -65.75 22.20
47.21 -65.79 22.21
47.24 -65.81 22.23
47.25 -65.86 22.24
47.27 -65.89 22.26
47.27 -65.94 22.27
47.30 -65.98 22.29
47.31 -66.02 22.30
47.32 -66.06 22.31
47.34 -66.10 22.33
47.37 -66.13 22.34
47.36 -66.16 22.36
47.40 -66.21 22.37
47.42 -66.24 22.39
47.42 -66.28 22.40
47.43 -66.33 22.42
47.44 -66.35 22.43
47.48 -66.40 22.44
47.48 -66.44 22.46
47.49 -66.48 22.47
47.52 -66.51 22.49
47.54 -66.55 22.50
47.54 -66.59 22.52
47.57 -66.63 22.53
47.58 -66.68 22.55
47.59 -66.69 22.56
47.62 -66.75 22.57
47.63 -66.79 22.59
47.64 -66.83 22.60
47.67 -66.86 22.62
47.69 -66.90 22.63
47.70 -66.95 22.65
47.71 -66.97 22.66
47.72 -67.01 22.68
47.75 -67.05 22.69
47.76 -67.10 22.70
47.78 -67.13 22.72
47.79 -67.15 22.74
47.82 -67