77.69 28.73
39.51 -77.72 28.74
39.51 -77.75 28.75
39.52 -77.76 28.76
39.52 -77.79 28.76
39.53 -77.81 28.77
39.54 -77.82 28.78
39.57 -77.83 28.78
39.58 -77.85 28.79
39.58 -77.87 28.80
39.59 -77.88 28.81
39.58 -77.92 28.82
39.58 -77.95 28.82
39.57 -77.98 28.83
39.58 -78.00 28.84
39.61 -78.00 28.85
39.63 -78.01 28.85
39.64 -78.02 28.86
39.66 -78.03 28.87
39.66 -78.06 28.87
39.66 -78.09 28.88
39.66 -78.12 28.89
39.66 -78.15 28.90
39.68 -78.15 28.90
39.69 -78.16 28.91
39.70 -78.18 28.92
39.71 -78.20 28.93
39.70 -78.23 28.93
39.74 -78.23 28.94
39.74 -78.26 28.95
39.73 -78.28 28.96
39.74 -78.31 28.96
39.74 -78.34 28.97
39.75 -78.36 28.98
39.77 -78.36 28.99
39.77 -78.38 28.99
39.78 -78.40 29.00
39.80 -78.41 29.01
39.80 -78.44 29.02
39.82 -78.45 29.02
39.82 -78.47 29.03
39.82 -78.49 29.04
39.84 -78.50 29.05
39.83 -78.54 29.05
39.84 -78.55 29.06
39.86 -78.57 29.07
39.86 -78.59 29.08
39.87 -78.61 29.08
39.89 -78.62 29.09
39.89 -78.63 29.10
39.89 -78.67 29.10
39.80 -78.49 29.11
39.78 -78.56 29.12
39.74 -78.73 29.12
39.71 -78.78 29.12
39.64 -78.78 29.13
39.55 -78.77 29.14
39.44 -78.87 29.14
39.41 -78.87 29.15
39.37 -78.96 29.16
39.34 -78.95 29.17
39.38 -78.65 29.18
39.26 -78.40 29.18
39.47 -78.82 29.19
39.28 -78.34 29.19
39.42 -78.97 29.20
39.41 -79.29 29.23
39.37 -79.26 29.25
39.32 -79.17 29.26
39.30 -79.17 29.25
39.38 -79.22 29.26
39.37 -79.23 29.26
39.42 -78.98 29.26
39.51 -79.04 29.27
39.53 -79.15 29.28
39.60 -79.16 29.28
39.67 -79.13 29.29
39.69 -79.19 29.29
39.88 -78.98 29.30
39.91 -79.04 29.31
39.96 -79.06 29.32
40.07 -78.98 29.33
40.16 -79.23 29.34
40.26 -79.28 29.35
40.25 -79.20 29.36
40.44 -79.29 29.37
40.62 -79.02 29.38
40.42 -78.13 29.38
40.49 -79.23 29.39
40.43 -79.37 29.40
40.29 -79.37 29.40
40.23 -79.39 29.41
40.17 -79.36 29.41
40.21 -79.42 29.41
40.34 -79.38 29.41
40.29 -79.44 29.41
40.17 -79.50 29.42
40.10 -79.37 29.42
40.13 -79.44 29.43
40.11 -79.29 29.44
40.03 -79.27 29.45
40.05 -79.40 29.46
40.04 -79.31 29.47
39.69 -79.46 29.48
39.43 -79.66 29.49
39.24 -79.74 29.50
39.27 -79.61 29.51
39.17 -79.59 29.51
38.87 -79.50 29.52
38.67 -79.61 29.52
38.44 -79.37 29.53
38.44 -79.39 29.54
38.29 -79.48 29.55
38.03 -79.59 29.56
37.82 -79.74 29.57
37.67 -79.74 29.58
37.49 -79.74 29.59
37.51 -79.72 29.59
37.39 -79.78 29.60
37.29 -79.81 29.60
37.24 -79.70 29.61
37.16 -79.68 29.61
37.20 -79.61 29.62
37.30 -79.51 29.63
37.38 -79.53 29.64
37.31 -79.66 29.65
37.19 -79.70 29.66
37.08 -79.79 29.66
37.05 -79.72 29.67
37.13 -79.77 29.67
37.13 -79.85 29.68
37.18 -79.79 29.69
37.04 -79.80 29.69
37.07 -79.86 29.70
37.24 -79.79 29.72
37.30 -79.76 29.73
36.93 -79.79 29.74
37.03 -79.85 29.74
37.28 -80.01 29.75
37.49 -79.94 29.77
37.65 -79.84 29.78
37.90 -79.83 29.78
37.68 -80.06 29.79
37.72 -79.95 29.80
37.91 -80.09 29.81
37.98 -80.16 29.81
37.91 -80.09 29.82
38.09 -80.07 29.83
38.02 -80.00 29.84
38.24 -79.91 29.85
38.43 -80.07 29.85
38.57 -79.93 29.86
38.70 -79.89 29.87
38.61 -80.14 29.87
38.77 -80.22 29.88
38.92 -80.29 29.88
39.22 -80.44 29.88
39.38 -80.40 29.89
39.30 -80.37 29.90
39.43 -80.39 29.90
39.54 -80.42 29.90
39.65 -80.36 29.91
39.80 -80.45 29.93
40.10 -80.60 29.95
40.20 -80.61 29.96
40.25 -80.55 29.97
40.31 -80.52 29.98
40.42 -80.56 29.99
40.59 -80.59 30.01
40.73 -80.77 30.01
40.89 -80.89 30.01
40.83 -80.77 30.02
40.73 -80.68 30.03
40.87 -80.71 30.04
40.93 -80.77 30.05
40.95 -80.78 30.06
41.05 -80.65 30.07
41.19 -80.46 30.07
41.18 -80.82 30.07
41.21 -80.59 30.08
41.21 -80.89 30.08
41.38 -80.69 30.09
41.12 -80.80 30.09
41.26 -80.74 30.10
41.33 -80.78 30.10
41.40 -80.73 30.11
41.19 -80.94 30.12
41.23 -80.81 30.13
40.96 -80.95 30.14
40.95 -80.95 30.14
40.85 -81.03 30.15
40.87 -80.90 30.16
40.72 -80.93 30.17
40.47 -80.92 30.18
40.21 -80.92 30.19
40.15 -80.88 30.19
40.05 -80.99 30.20
39.89 -80.97 30.21
39.73 -81.03 30.22
39.46 -81.19 30.23
39.31 -81.19 30.24
39.08 -81.23 30.25
38.82 -81.35 30.25
38.73 -81.29 30.26
38.54 -81.24 30.27
38.35 -81.33 30.28
38.18 -81.36 30.29
37.98 -81.40 30.30
37.82 -81.35 30.31
37.58 -81.27 30.31
37.32 -81.44 30.32
37.29 -81.24 30.32
37.14 -81.33 30.33
36.96 -81.48 30.34
36.77 -81.48 30.34
36.84 -81.56 30.35
36.76 -81.61 30.35
36.63 -81.63 30.36
36.56 -81.73 30.36
36.56 -81.72 30.36
36.50 -81.72 30.37
36.53 -81.72 30.38
36.53 -81.54 30.39
36.45 -81.66 30.40
36.53 -81.68 30.42
36.54 -81.64 30.42
36.52 -81.74 30.43
36.46 -81.79 30.44
36.56 -81.80 30.45
36.62 -81.75 30.45
36.62 -81.76 30.46
36.65 -81.89 30.47
36.71 -81.85 30.48
36.66 -81.92 30.49
36.71 -81.94 30.50
36.78 -81.84 30.51
36.81 -81.76 30.52
36.85 -81.83 30.53
36.83 -81.78 30.54
36.76 -82.00 30.55
36.84 -82.06 30.56
37.00 -81.95 30.57
37.07 -81.94 30.58
37.15 -81.92 30.59
37.14 -82.01 30.60
37.11 -82.08 30.60
37.21 -82.16 30.61
37.31 -82.06 30.62
37.44 -82.09 30.62
37.57 -82.13 30.63
37.58 -82.05 30.64
37.64 -81.98 30.65
37.78 -82.07 30.66
37.90 -82.14 30.67
38.01 -82.23 30.68
38.21 -82.18 30.69
38.36 -82.14 30.69
38.35 -82.30 30.70
38.30 -82.42 30.71
38.51 -82.34 30.72
38.63 -82.33 30.72
38.84 -82.24 30.73
39.07 -82.14 30.75
38.87 -82.45 30.75
38.95 -82.46 30.76
38.98 -82.49 30.77
39.11 -82.56 30.79
39.33 -82.51 30.79
39.28 -82.52 30.80
39.37 -82.54 30.81
39.51 -82.60 30.82
39.49 -82.49 30.83
39.64 -82.53 30.84
39.76 -82.55 30.85
39.90 -82.45 30.85
40.14 -82.37 30.86
40.13 -82.60 30.87
40.30 -82.64 30.88
40.34 -82.59 30.89
40.52 -82.62 30.90
40.72 -82.63 30.91
40.73 -82.64 30.91
40.83 -82.62 30.91
40.98 -82.69 30.92
41.11 -82.72 30.93
41.30 -82.82 30.94
41.43 -82.72 30.95
41.57 -82.76 30.95
41.68 -82.80 30.95
41.70 -82.85 30.96
41.90 -82.76 30.97
41.92 -82.96 30.97
42.02 -82.96 30.97
41.91 -82.87 30.98
42.00 -82.93 30.99
42.06 -82.99 30.99
42.20 -83.12 31.00
42.23 -83.14 31.01
42.23 -83.08 31.01
42.33 -83.18 31.03
42.31 -83.16 31.04
42.50 -83.07 31.05
42.59 -83.17 31.06
42.64 -83.05 31.06
42.58 -83.14 31.06
42.63 -83.12 31.07
42.71 -83.08 31.07
42.69 -83.30 31.08
42.81 -83.29 31.08
42.78 -83.23 31.08
42.54 -83.24 31.09
42.76 -83.18 31.09
42.59 -83.36 31.10
42.55 -83.36 31.11
42.66 -83.33 31.12
42.63 -83.28 31.12
42.54 -83.25 31.12
42.47 -83.26 31.13
42.40 -83.28 31.13
42.24 -83.29 31.14
42.20 -83.38 31.15
42.07 -83.45 31.16
41.94 -83.43 31.16
41.71 -83.45 31.17
41.58 -83.56 31.18
41.47 -83.53 31.18
41.36 -83.47 31.19
41.02 -83.64 31.19
40.78 -83.73 31.20
40.41 -83.88 31.21
40.43 -83.76 31.21
40.39 -83.65 31.22
40.28 -83.56 31.23
39.89 -83.43 31.24
39.78 -83.73 31.25
39.69 -83.44 31.27
39.54 -83.17 31.28
39.21 -83.45 31.29
39.06 -83.77 31.31
39.08 -83.60 31.33
38.85 -83.87 31.33
38.74 -83.99 31.34
38.62 -84.05 31.35
38.64 -83.65 31.35
38.60 -83.76 31.36
38.32 -83.93 31.37
38.35 -84.12 31.38
38.35 -84.11 31.38
38.28 -84.18 31.39
38.36 -84.09 31.40
38.39 -84.11 31.41
38.42 -84.13 31.42
38.53 -83.95 31.43
38.54 -84.06 31.44
38.47 -84.17 31.45
38.59 -84.19 31.45
38.59 -84.12 31.46
38.63 -84.27 31.47
38.69 -84.21 31.48
38.62 -84.13 31.49
38.56 -84.09 31.50
38.75 -84.16 31.51
38.82 -84.34 31.52
38.96 -84.30 31.53
39.18 -84.11 31.53
39.07 -84.31 31.54
39.05 -84.39 31.55
39.13 -84.44 31.56
39.20 -84.39 31.57
39.26 -84.45 31.58
39.30 -84.48 31.59
39.37 -84.41 31.60
39.26 -84.55 31.60
39.23 -84.57 31.61
39.30 -84.40 31.62
39.15 -84.54 31.63
39.21 -84.46 31.63
39.03 -84.61 31.64
39.00 -84.67 31.65
39.12 -84.61 31.66
39.20 -84.62 31.67
39.13 -84.72 31.68
39.34 -84.68 31.69
39.23 -84.78 31.70
39.41 -84.78 31.71
39.49 -84.77 31.71
39.41 -84.80 31.72
39.57 -84.81 31.72
39.62 -84.82 31.73
39.63 -84.85 31.74
39.69 -84.85 31.74
39.77 -84.87 31.75
39.86 -84.91 31.76
39.88 -84.76 31.77
40.06 -84.74 31.78
40.05 -84.83 31.79
40.23 -84.75 31.79
40.30 -84.91 31.81
40.44 -84.99 31.82
40.72 -85.06 31.83
40.87 -84.98 31.84
40.98 -85.04 31.85
41.11 -85.10 31.85
41.16 -85.10 31.86
41.20 -85.15 31.87
41.28 -85.18 31.88
41.40 -85.13 31.89
41.58 -85.11 31.89
41.61 -85.14 31.90
41.81 -85.28 31.91
42.00 -85.24 31.92
42.01 -85.33 31.93
42.14 -85.34 31.93
42.20 -85.27 31.94
42.18 -85.20 31.95
42.44 -85.38 31.95
42.48 -85.24 31.96
42.61 -85.34 31.97
42.68 -85.26 31.97
42.72 -85.21 31.98
42.78 -85.29 31.98
42.90 -85.27 31.99
43.04 -85.33 32.00
43.16 -85.36 32.01
43.32 -85.40 32.02
43.45 -85.44 32.04
43.64 -85.40 32.05
43.83 -85.34 32.06
43.88 -85.55 32.06
43.75 -85.54 32.06
43.83 -85.60 32.08
43.84 -85.61 32.08
44.01 -85.70 32.09
44.15 -85.75 32.10
44.07 -85.64 32.10
44.17 -85.74 32.11
44.13 -85.72 32.11
44.24 -85.80 32.12
44.16 -85.80 32.13
44.14 -85.69 32.13
44.26 -85.73 32.14
44.47 -85.74 32.14
44.31 -85.76 32.14
44.35 -85.84 32.15
44.28 -85.86 32.15
44.42 -85.83 32.16
44.56 -85.72 32.16
44.39 -85.81 32.16
44.35 -85.80 32.17
44.45 -85.86 32.17
44.33 -85.97 32.18
44.22 -85.95 32.18
44.11 -86.05 32.19
43.95 -86.02 32.20
43.90 -86.12 32.21
43.89 -86.15 32.22
43.90 -86.06 32.22
43.62 -86.06 32.23
43.40 -86.10 32.24
43.43 -86.15 32.25
43.39 -86.14 32.25
43.22 -86.22 32.26
43.08 -86.14 32.26
43.04 -86.15 32.27
42.78 -86.27 32.28
42.64 -86.26 32.29
42.40 -86.30 32.29
42.20 -86.30 32.30
42.01 -86.32 32.31
41.76 -86.25 32.31
41.56 -86.38 32.32
41.38 -86.38 32.32
41.14 -86.43 32.33
41.01 -86.38 32.34
40.86 -86.36 32.35
40.69 -86.43 32.36
40.52 -86.42 32.37
40.39 -86.39 32.38
40.27 -86.43 32.39
40.14 -86.50 32.40
39.97 -86.58 32.42
39.81 -86.67 32.43
39.76 -86.66 32.44
39.73 -86.66 32.44
39.67 -86.64 32.45
39.65 -86.73 32.46
39.67 -86.67 32.47
39.63 -86.71 32.48
39.59 -86.76 32.49
39.60 -86.80 32.50
39.52 -86.78 32.50
39.59 -86.77 32.51
39.53 -86.86 32.52
39.51 -86.84 32.53
39.55 -86.75 32.54
39.61 -86.85 32.55
39.68 -86.87 32.55
39.63 -86.98 32.56
39.63 -86.96 32.57
39.70 -86.80 32.58
39.77 -86.91 32.59
39.78 -87.03 32.59
39.87 -86.99 32.60
39.98 -86.92 32.61
40.02 -86.91 32.62
39.98 -86.96 32.63
39.90 -87.09 32.64
39.95 -87.08 32.64
39.88 -87.17 32.65
39.99 -87.10 32.66
40.01 -87.10 32.67
40.09 -87.04 32.69
39.81 -87.19 32.70
39.99 -87.11 32.70
40.14 -87.19 32.71
40.21 -87.22 32.72
40.19 -87.30 32.73
40.17 -87.28 32.74
40.13 -87.13 32.75
40.21 -87.17 32.76
40.37 -87.25 32.77
40.50 -87.35 32.78
40.53 -87.37 32.78
40.71 -87.38 32.79
40.73 -87.44 32.80
40.81 -87.44 32.81
40.77 -87.51 32.82
40.99 -87.54 32.83
40.90 -87.43 32.84
41.17 -87.60 32.84
41.19 -87.57 32.86
41.23 -87.53 32.87
41.25 -87.54 32.88
41.38 -87.54 32.89
41.55 -87.66 32.89
41.76 -87.73 32.90
41.92 -87.60 32.91
41.95 -87.71 32.92
42.11 -87.77 32.93
42.26 -87.75 32.94
42.41 -87.80 32.95
42.39 -87.75 32.96
42.47 -87.79 32.97
42.63 -87.88 32.98
42.72 -87.87 32.99
42.89 -87.93 33.00
42.98 -87.83 33.01
42.98 -87.93 33.01
43.10 -87.92 33.02
43.21 -87.96 33.03
43.26 -87.92 33.04
43.40 -87.92 33.04
43.54 -87.82 33.05
43.65 -88.03 33.05
43.77 -87.92 33.06
43.91 -88.10 33.07
43.92 -88.04 33.07
44.07 -88.08 33.08
44.09 -88.12 33.08
44.10 -88.10 33.09
44.15 -88.02 33.10
44.21 -88.14 33.11
44.22 -87.99 33.12
44.33 -88.06 33.12
44.47 -88.19 33.12
44.49 -88.14 33.12
44.64 -88.15 33.13
44.80 -88.25 33.14
44.85 -88.35 33.15
44.93 -88.40 33.16
44.98 -88.41 33.16
45.04 -88.36 33.16
44.99 -88.37 33.17
45.17 -88.49 33.18
45.21 -88.41 33.19
45.22 -88.47 33.19
45.40 -88.55 33.20
45.53 -88.52 33.21
45.44 -88.59 33.22
45.47 -88.57 33.22
45.55 -88.53 33.23
45.72 -88.44 33.23
45.72 -88.42 33.24
45.78 -88.45 33.24
45.76 -88.57 33.25
45.89 -88.55 33.25
45.83 -88.59 33.25
45.88 -88.56 33.26
45.70 -88.57 33.26
45.86 -88.65 33.27
45.65 -88.64 33.28
45.82 -88.68 33.28
45.64 -88.79 33.29
45.56 -88.80 33.30
45.54 -88.87 33.30
45.59 -88.81 33.31
45.47 -88.85 33.32
45.43 -88.82 33.33
45.57 -88.79 33.33
45.41 -88.89 33.34
45.31 -88.95 33.35
45.11 -88.98 33.35
45.07 -89.04 33.36
44.94 -88.99 33.37
44.96 -89.14 33.38
44.91 -89.13 33.38
44.73 -89.22 33.39
44.72 -89.16 33.40
44.62 -89.14 33.41
44.60 -89.17 33.41
44.59 -89.12 33.42
44.39 -89.26 33.43
44.27 -89.29 33.44
44.25 -89.25 33.44
44.07 -89.35 33.45
44.19 -89.10 33.46
44.19 -89.14 33.46
44.10 -89.33 33.47
44.05 -89.26 33.48
44.11 -89.27 33.49
44.04 -89.26 33.49
43.90 -89.34 33.51
43.80 -89.37 33.51
43.66 -89.43 33.52
43.61 -89.35 33.53
43.52 -89.41 33.54
43.42 -89.44 33.54
43.29 -89.42 33.55
43.28 -89.34 33.56
43.17 -89.41 33.57
43.11 -89.51 33.57
43.12 -89.47 33.58
43.09 -89.45 33.59
43.00 -89.52 33.59
42.85 -89.58 33.60
42.81 -89.65 33.61
42.73 -89.70 33.62
42.73 -89.65 33.63
42.73 -89.66 33.63
42.73 -89.66 33.64
42.71 -89.67 33.65
42.70 -89.60 33.65
42.59 -89.76 33.66
42.67 -89.67 33.67
42.61 -89.73 33.68
42.59 -89.75 33.68
42.59 -89.76 33.69
42.57 -89.77 33.70
42.47 -89.84 33.70
42.48 -89.81 33.71
42.45 -89.75 33.72
42.40 -89.73 33.72
42.27 -89.75 33.73
42.36 -89.82 33.75
42.35 -89.81 33.75
42.25 -89.96 33.76
42.35 -89.93 33.77
42.42 -89.87 33.78
42.40 -89.95 33.79
42.37 -89.98 33.80
42.36 -89.98 33.81
42.38 -90.01 33.81
42.30 -89.96 33.82
42.52 -90.06 33.83
42.57 -90.12 33.84
42.78 -90.00 33.84
42.62 -90.15 33.85
42.87 -90.07 33.86
42.76 -90.04 33.87
42.80 -90.08 33.88
42.97 -90.04 33.88
43.05 -90.07 33.89
43.09 -90.26 33.90
43.15 -90.26 33.91
43.35 -90.33 33.92
43.40 -90.30 33.93
43.61 -90.40 33.94
43.66 -90.43 33.95
43.75 -90.37 33.96
43.89 -90.43 33.96
43.83 -90.45 33.97
43.87 -90.44 33.98
43.91 -90.39 33.98
44.06 -90.51 33.99
44.16 -90.47 34.00
44.28 -90.57 34.01
44.39 -90.61 34.02
44.55 -90.59 34.03
44.60 -90.64 34.04
44.69 -90.62 34.05
44.69 -90.43 34.05
44.75 -90.57 34.06
44.79 -90.50 34.06
44.91 -90.63 34.07
45.01 -90.69 34.08
45.12 -90.74 34.08
45.15 -90.72 34.09
45.24 -90.77 34.10
45.23 -90.78 34.11
45.32 -90.84 34.12
45.44 -90.87 34.13
45.49 -90.89 34.14
45.54 -90.92 34.15
45.72 -90.99 34.16
45.78 -91.00 34.16
45.75 -91.00 34.17
45.73 -90.97 34.17
45.80 -91.04 34.18
45.85 -91.04 34.19
45.92 -91.01 34.19
45.96 -91.03 34.20
45.86 -91.06 34.21
46.23 -90.75 34.22
46.35 -90.61 34.22
46.14 -90.77 34.22
46.10 -90.74 34.22
46.02 -90.92 34.23
45.81 -91.08 34.23
45.74 -91.22 34.24
45.62 -91.27 34.24
45.57 -91.23 34.25
45.52 -91.22 34.27
45.42 -91.25 34.28
45.54 -91.35 34.28
45.50 -91.35 34.29
45.45 -91.37 34.30
45.14 -91.28 34.31
45.11 -91.33 34.32
45.11 -91.44 34.33
45.01 -91.40 34.34
45.20 -91.42 34.35
45.03 -91.42 34.36
44.99 -91.53 34.36
44.90 -91.51 34.37
45.19 -91.27 34.37
45.80 -90.67 34.38
45.60 -90.96 34.39
45.17 -91.17 34.39
44.98 -91.30 34.40
45.00 -91.41 34.41
44.95 -91.44 34.42
45.01 -91.23 34.42
45.26 -91.30 34.43
44.95 -91.22 34.43
45.38 -90.53 34.45
46.60 -90.40 34.48
45.37 -91.69 34.51
45.37 -91.74 34.52
45.54 -91.78 34.51
43.52 -89.58 34.51
45.73 -90.99 34.52
45.39 -91.21 34.53
44.64 -91.74 34.54
44.72 -91.14 34.54
44.97 -91.47 34.56
44.83 -91.86 34.60
44.83 -91.83 34.62
44.83 -91.97 34.62
44.93 -91.74 34.62
44.95 -92.07 34.61
44.86 -92.00 34.60
44.98 -91.65 34.61
44.98 -92.11 34.62
44.94 -92.28 34.63
44.97 -92.28 34.63
44.91 -92.02 34.64
44.80 -91.98 34.65
44.85 -91.90 34.65
44.95 -92.24 34.66
45.06 -92.27 34.66
44.81 -92.09 34.67
44.98 -92.26 34.68
44.98 -92.27 34.69
45.06 -92.20 34.70
45.12 -92.22 34.71
45.08 -92.27 34.72
45.03 -92.31 34.73
45.07 -92.26 34.73
45.14 -92.25 34.74
45.14 -92.19 34.75
45.09 -92.31 34.75
45.20 -92.33 34.76
45.26 -92.27 34.77
45.28 -92.31 34.77
45.30 -92.31 34.78
45.28 -92.38 34.79
45.30 -92.32 34.80
45.45 -92.31 34.80
45.49 -92.34 34.81
45.51 -92.37 34.82
45.56 -92.41 34.82
45.43 -92.53 34.84
45.34 -92.55 34.85
45.33 -92.54 34.86
45.40 -92.55 34.87
45.26 -92.30 34.87
45.41 -92.56 34.88
45.34 -92.43 34.89
45.39 -92.44 34.90
45.52 -92.53 34.90
45.67 -92.63 34.91
45.72 -92.67 34.92
45.65 -92.56 34.93
45.59 -92.47 34.94
45.72 -92.59 34.94
45.81 -92.68 34.94
45.79 -92.64 34.95
45.70 -92.51 34.95
45.71 -92.56 34.95
45.67 -92.49 34.96
45.78 -92.65 34.96
45.72 -92.62 34.97
45.68 -92.65 34.97
45.76 -92.83 34.98
45.69 -92.85 34.98
45.74 -92.90 34.99
45.60 -92.95 34.99
45.67 -93.00 35.00
45.51 -93.04 35.01
45.56 -93.01 35.02
45.41 -92.98 35.03
45.46 -93.11 35.03
45.13 -93.11 35.04
45.30 -93.21 35.04
45.05 -93.22 35.04
45.07 -93.33 35.05
45.04 -93.25 35.06
44.93 -93.36 35.07
44.73 -93.22 35.07
45.04 -93.13 35.08
44.98 -93.14 35.09
44.95 -93.19 35.10
44.84 -93.27 35.11
44.55 -93.43 35.11
44.73 -93.29 35.12
44.47 -93.44 35.13
44.30 -93.44 35.13
44.55 -93.27 35.14
44.42 -93.33 35.15
44.32 -93.34 35.16
44.41 -93.21 35.17
44.40 -93.15 35.18
44.31 -93.23 35.19
44.28 -93.24 35.19
44.21 -93.29 35.20
44.07 -93.43 35.21
43.89 -93.59 35.21
43.85 -93.65 35.22
43.91 -93.59 35.23
44.00 -93.54 35.24
43.96 -93.62 35.24
44.07 -93.53 35.25
44.07 -93.53 35.26
44.09 -93.57 35.27
44.02 -93.62 35.27
43.96 -93.74 35.28
43.87 -93.86 35.28
43.80 -93.96 35.29
43.95 -93.86 35.30
44.03 -93.89 35.31
44.09 -93.88 35.31
44.23 -93.97 35.33
44.25 -94.06 35.33
44.32 -93.95 35.34
44.48 -93.96 35.35
44.54 -94.00 35.36
44.45 -94.07 35.36
44.50 -94.13 35.36
44.52 -94.14 35.37
44.56 -94.14 35.38
44.74 -94.10 35.40
44.74 -94.12 35.41
44.72 -94.17 35.41
44.65 -94.15 35.42
44.66 -94.10 35.43
44.82 -94.25 35.44
44.78 -94.23 35.44
44.82 -94.28 35.45
44.90 -94.29 35.46
44.80 -94.20 35.47
44.95 -94.26 35.48
44.86 -94.27 35.48
45.11 -94.26 35.49
45.14 -94.31 35.50
45.19 -94.33 35.51
45.20 -94.37 35.52
45.29 -94.34 35.53
45.31 -94.31 35.54
45.39 -94.34 35.54
45.50 -94.21 35.55
45.57 -94.37 35.56
45.64 -94.44 35.57
45.78 -94.35 35.58
45.88 -94.32 35.58
45.88 -94.43 35.59
45.76 -94.53 35.60
45.94 -94.49 35.61
45.74 -94.43 35.62
45.61 -94.37 35.63
45.84 -94.54 35.64
45.87 -94.49 35.65
46.03 -94.57 35.65
46.06 -94.54 35.66
46.18 -94.47 35.67
46.24 -94.64 35.68
46.11 -94.46 35.69
46.21 -94.59 35.70
46.28 -94.68 35.70
46.36 -94.54 35.70
46.41 -94.79 35.71
46.39 -94.74 35.71
46.41 -94.74 35.72
46.43 -94.81 35.72
46.45 -94.88 35.72
46.44 -94.86 35.73
46.45 -94.88 35.73
46.44 -94.91 35.74
46.43 -94.88 35.74
46.43 -94.87 35.75
46.55 -95.06 35.76
46.55 -95.06 35.77
46.53 -95.06 35.77
46.50 -94.92 35.78
46.60 -95.17 35.79
46.63 -95.18 35.80
46.55 -95.25 35.80
46.50 -95.26 35.81
46.41 -95.26 35.81
46.51 -95.19 35.82
46.32 -95.32 35.82
46.31 -95.22 35.83
46.19 -95.31 35.84
46.26 -95.35 35.85
46.03 -95.28 35.85
46.12 -95.35 35.86
45.97 -95.35 35.87
46.19 -95.32 35.88
45.82 -95.28 35.88
45.88 -95.38 35.88
45.99 -95.49 35.90
45.91 -95.52 35.90
45.88 -95.51 35.91
45.81 -95.45 35.92
45.74 -95.51 35.93
45.84 -95.59 35.93
45.87 -95.63 35.94
45.82 -95.65 35.94
45.78 -95.67 35.96
45.79 -95.64 35.96
45.74 -95.65 35.97
45.71 -95.63 35.97
45.70 -95.56 35.98
45.53 -95.67 35.99
45.64 -95.62 36.00
45.49 -95.76 36.01
45.49 -95.70 36.02
45.50 -95.71 36.03
45.53 -95.61 36.04
45.52 -95.60 36.05
45.43 -95.66 36.05
45.31 -95.74 36.06
45.36 -95.72 36.07
45.34 -95.71 36.08
45.26 -95.82 36.08
45.22 -95.82 36.09
45.23 -95.84 36.10
45.15 -95.92 36.11
45.09 -95.97 36.11
45.05 -96.00 36.12
45.02 -95.94 36.13
44.92 -95.97 36.13
44.91 -95.92 36.14
44.90 -95.91 36.15
44.94 -95.92 36.16
45.02 -96.00 36.17
45.01 -96.08 36.17
45.02 -96.07 36.18
45.02 -96.12 36.18
45.00 -96.13 36.19
44.98 -96.15 36.20
44.98 -96.28 36.21
45.05 -96.27 36.21
45.05 -96.32 36.22
45.05 -96.31 36.22
45.05 -96.34 36.23
45.01 -96.32 36.23
45.16 -96.35 36.24
45.17 -96.39 36.25
45.14 -96.44 36.26
45.23 -96.35 36.26
45.18 -96.50 36.27
45.24 -96.42 36.28
45.25 -96.53 36.28
45.34 -96.48 36.29
45.26 -96.48 36.30
45.30 -96.52 36.31
45.32 -96.59 36.32
45.34 -96.61 36.33
45.39 -96.54 36.34
45.31 -96.55 36.34
45.39 -96.64 36.35
45.42 -96.59 36.35
45.52 -96.62 36.36
45.60 -96.57 36.37
45.44 -96.74 36.38
45.46 -96.71 36.38
45.47 -96.76 36.39
45.37 -96.63 36.40
45.47 -96.77 36.41
45.57 -96.76 36.42
45.62 -96.74 36.43
45.56 -96.80 36.44
45.56 -96.86 36.44
45.58 -96.86 36.45
45.69 -96.85 36.46
45.70 -96.88 36.47
45.61 -96.91 36.48
45.78 -96.88 36.49
45.67 -96.94 36.50
45.71 -97.00 36.50
45.77 -97.03 36.51
45.90 -96.95 36.52
45.78 -97.05 36.53
45.79 -97.05 36.53
45.83 -97.09 36.54
45.85 -97.11 36.55
46.01 -97.04 36.56
45.92 -97.16 36.56
45.89 -97.12 36.57
46.06 -97.10 36.58
46.01 -97.18 36.59
46.14 -97.05 36.59
46.18 -97.05 36.60
46.18 -97.07 36.61
46.21 -97.14 36.62
46.14 -97.26 36.62
46.19 -97.21 36.63
46.22 -97.22 36.64
46.18 -97.32 36.65
46.23 -97.34 36.66
46.18 -97.37 36.67
46.29 -97.34 36.68
46.20 -97.40 36.69
46.17 -97.40 36.70
46.23 -97.45 36.70
46.16 -97.35 36.71
46.24 -97.40 36.73
46.22 -97.40 36.73
46.21 -97.32 36.74
46.29 -97.43 36.75
46.32 -97.35 36.75
46.43 -97.51 36.76
46.45 -97.52 36.76
46.47 -97.50 36.77
46.46 -97.49 36.77
46.45 -97.47 36.78
46.47 -97.56 36.79
46.49 -97.58 36.79
46.47 -97.55 36.79
46.55 -97.67 36.80
46.52 -97.67 36.80
46.49 -97.62 36.81
46.51 -97.72 36.82
46.53 -97.83 36.82
46.59 -97.93 36.83
46.59 -97.92 36.84
46.48 -97.91 36.85
46.55 -97.94 36.85
46.48 -97.96 36.86
46.52 -97.97 36.87
46.55 -97.98 36.87
46.44 -98.02 36.88
46.44 -98.01 36.89
46.43 -98.08 36.89
46.45 -98.01 36.89
46.31 -98.06 36.90
46.34 -98.12 36.91
46.28 -98.11 36.92
46.18 -98.03 36.92
46.17 -98.06 36.93
46.16 -98.05 36.94
46.21 -98.10 36.95
46.13 -98.13 36.95
46.28 -98.02 36.96
46.11 -98.06 36.97
46.09 -98.08 36.98
46.03 -98.15 36.99
46.09 -98.19 37.00
46.15 -98.16 37.00
46.07 -98.34 37.01
46.19 -98.26 37.02
45.97 -98.30 37.03
45.97 -98.27 37.03
46.08 -98.40 37.04
46.21 -98.34 37.05
46.22 -98.35 37.05
46.33 -98.25 37.06
46.25 -98.35 37.07
46.23 -98.37 37.08
46.30 -98.31 37.09
46.18 -98.46 37.10
46.27 -98.38 37.11
46.15 -98.51 37.11
46.23 -98.46 37.12
46.19 -98.52 37.13
46.20 -98.53 37.14
46.15 -98.58 37.15
46.23 -98.54 37.15
46.19 -98.60 37.16
46.30 -98.52 37.17
46.24 -98.60 37.18
46.14 -98.72 37.19
46.09 -98.79 37.20
46.10 -98.75 37.21
46.18 -98.65 37.22
46.24 -98.59 37.23
46.27 -98.56 37.23
46.23 -98.65 37.24
46.29 -98.65 37.24
46.33 -98.68 37.25
46.28 -98.87 37.25
46.33 -98.90 37.26
46.42 -98.89 37.27
46.36 -99.04 37.27
46.52 -99.00 37.28
46.66 -98.95 37.28
46.67 -99.05 37.29
46.90 -98.87 37.30
46.78 -99.08 37.30
46.84 -99.08 37.31
46.84 -99.15 37.31
46.82 -99.12 37.32
46.79 -99.05 37.33
46.