6 48.54
59.11 -128.00 48.55
59.04 -128.09 48.56
59.09 -128.09 48.57
59.11 -128.10 48.58
59.11 -128.13 48.59
59.08 -128.17 48.60
59.12 -128.19 48.60
59.15 -128.18 48.61
59.15 -128.21 48.62
59.18 -128.21 48.63
59.21 -128.20 48.63
59.19 -128.26 48.64
59.17 -128.29 48.65
59.18 -128.33 48.66
59.19 -128.35 48.67
59.21 -128.35 48.68
59.21 -128.38 48.68
59.22 -128.39 48.69
59.23 -128.41 48.70
59.25 -128.43 48.71
59.27 -128.44 48.71
59.25 -128.49 48.72
59.26 -128.48 48.73
59.26 -128.54 48.74
59.26 -128.56 48.75
59.30 -128.55 48.75
59.32 -128.55 48.76
59.31 -128.60 48.77
59.32 -128.61 48.78
59.31 -128.65 48.79
59.32 -128.67 48.79
59.33 -128.69 48.80
59.34 -128.72 48.81
59.38 -128.70 48.81
59.38 -128.73 48.82
59.38 -128.76 48.83
59.38 -128.78 48.84
59.38 -128.81 48.85
59.38 -128.85 48.86
59.40 -128.86 48.86
59.41 -128.86 48.87
59.42 -128.89 48.88
59.43 -128.90 48.89
59.44 -128.92 48.89
59.45 -128.94 48.90
59.46 -128.96 48.91
59.45 -129.00 48.92
59.47 -129.01 48.93
59.49 -129.02 48.93
59.50 -129.03 48.94
59.50 -129.06 48.95
59.50 -129.09 48.96
59.51 -129.11 48.96
59.51 -129.13 48.97
59.53 -129.14 48.98
59.55 -129.16 48.99
59.55 -129.18 49.00
59.56 -129.20 49.00
59.57 -129.22 49.01
59.59 -129.23 49.02
59.58 -129.27 49.03
59.57 -129.30 49.03
59.61 -129.29 49.04
59.60 -129.33 49.05
59.62 -129.34 49.06
59.62 -129.37 49.06
59.64 -129.38 49.07
59.63 -129.41 49.08
59.64 -129.43 49.09
59.66 -129.44 49.09
59.67 -129.46 49.10
59.68 -129.49 49.11
59.68 -129.51 49.12
59.69 -129.53 49.13
59.71 -129.54 49.14
59.71 -129.57 49.14
59.72 -129.57 49.15
59.71 -129.62 49.16
59.72 -129.63 49.17
59.74 -129.66 49.18
59.76 -129.67 49.19
59.75 -129.70 49.19
59.75 -129.74 49.20
59.75 -129.75 49.20
59.78 -129.72 49.21
59.79 -129.78 49.22
59.80 -129.78 49.23
59.81 -129.81 49.24
59.82 -129.80 49.25
59.66 -129.68 49.26
59.75 -129.91 49.27
59.73 -129.89 49.28
59.71 -129.86 49.28
59.76 -129.90 49.29
59.74 -129.97 49.30
59.74 -129.98 49.31
59.72 -130.01 49.31
59.77 -130.01 49.32
59.85 -129.83 49.33
59.76 -130.03 49.34
59.81 -130.02 49.35
59.72 -130.05 49.36
59.84 -130.04 49.37
59.94 -129.92 49.37
60.10 -129.75 49.37
59.66 -129.80 49.37
59.40 -129.56 49.37
59.36 -129.60 49.37
59.63 -129.52 49.38
59.70 -130.07 49.39
59.71 -130.03 49.41
59.83 -130.16 49.41
59.91 -130.28 49.42
60.07 -130.27 49.43
60.11 -130.35 49.44
60.24 -130.31 49.45
60.16 -130.21 49.45
60.35 -130.22 49.46
60.54 -130.37 49.47
60.52 -130.10 49.47
60.75 -130.35 49.48
60.72 -130.26 49.48
60.84 -130.23 49.50
61.19 -130.53 49.50
61.29 -130.54 49.51
61.59 -130.28 49.51
61.60 -130.54 49.52
61.51 -130.25 49.53
61.59 -130.30 49.53
61.67 -130.30 49.54
61.83 -130.34 49.55
62.03 -130.55 49.55
62.22 -130.56 49.56
62.16 -130.68 49.57
62.17 -130.67 49.58
62.27 -130.64 49.59
62.43 -130.70 49.60
62.44 -130.67 49.61
62.76 -130.26 49.61
62.99 -130.01 49.61
62.88 -130.22 49.61
62.58 -130.47 49.62
62.24 -130.56 49.62
61.87 -130.49 49.63
61.70 -130.33 49.64
61.68 -130.62 49.66
61.77 -130.79 49.68
61.67 -130.97 49.70
61.68 -130.86 49.71
61.88 -130.50 49.72
61.66 -130.60 49.72
61.34 -130.77 49.72
61.02 -130.92 49.73
60.89 -130.82 49.74
60.76 -130.74 49.75
60.50 -130.72 49.75
60.27 -130.94 49.76
60.10 -130.93 49.77
59.89 -131.02 49.78
59.79 -130.95 49.79
59.57 -130.99 49.80
59.40 -130.94 49.80
59.29 -130.84 49.81
59.18 -130.83 49.82
59.05 -130.87 49.82
58.96 -130.93 49.83
58.85 -131.04 49.83
58.75 -131.20 49.84
58.62 -131.19 49.84
58.59 -131.30 49.84
58.40 -131.00 49.85
58.48 -131.33 49.86
58.45 -131.29 49.87
58.43 -131.08 49.87
58.58 -131.19 49.89
58.54 -131.31 49.89
58.60 -131.38 49.90
58.61 -131.34 49.91
58.57 -131.49 49.91
58.61 -131.51 49.93
58.68 -131.49 49.94
58.79 -131.42 49.95
58.97 -131.31 49.95
58.89 -131.38 49.97
58.98 -131.43 49.97
59.08 -131.41 49.99
59.09 -131.47 49.99
59.02 -131.56 50.00
59.22 -131.33 50.02
59.32 -131.40 50.03
59.19 -131.44 50.03
58.99 -131.19 50.04
59.14 -131.79 50.05
59.38 -131.55 50.06
59.31 -131.81 50.06
59.40 -131.84 50.08
59.46 -131.87 50.09
59.58 -131.68 50.10
59.69 -131.79 50.12
59.90 -131.75 50.13
60.05 -131.70 50.15
60.21 -131.84 50.16
60.14 -131.92 50.17
60.41 -131.89 50.18
60.31 -131.96 50.19
60.44 -131.96 50.21
60.44 -131.91 50.22
60.32 -131.71 50.23
60.36 -131.79 50.24
60.49 -131.90 50.24
60.75 -131.93 50.25
60.88 -131.93 50.26
60.95 -132.09 50.27
60.96 -132.13 50.29
61.19 -132.23 50.29
61.29 -132.33 50.30
61.30 -132.32 50.30
61.47 -132.27 50.31
61.37 -132.29 50.32
61.42 -132.29 50.32
61.43 -132.31 50.32
61.55 -132.40 50.33
61.57 -132.31 50.35
61.63 -132.37 50.37
61.55 -132.27 50.37
61.57 -132.29 50.38
61.61 -132.27 50.39
61.69 -132.27 50.39
61.88 -132.49 50.39
61.84 -132.39 50.40
61.96 -132.45 50.40
62.06 -132.36 50.40
62.17 -132.61 50.41
62.18 -132.65 50.42
62.31 -132.65 50.42
62.40 -132.75 50.43
62.38 -132.71 50.43
62.36 -132.77 50.44
62.34 -132.73 50.45
62.50 -132.69 50.45
62.47 -132.81 50.46
62.49 -132.78 50.47
62.43 -132.74 50.47
62.54 -132.76 50.48
62.66 -132.79 50.50
62.70 -132.85 50.50
62.70 -132.78 50.51
62.57 -132.90 50.52
62.63 -132.91 50.53
62.61 -132.91 50.54
62.64 -132.96 50.54
62.54 -132.97 50.56
62.59 -132.96 50.56
62.46 -133.07 50.57
62.30 -133.06 50.59
62.33 -133.08 50.60
62.19 -133.08 50.61
62.26 -133.20 50.62
61.86 -133.13 50.62
62.06 -133.29 50.63
61.87 -133.25 50.63
61.94 -133.24 50.64
61.75 -133.22 50.64
61.90 -133.20 50.65
61.73 -133.15 50.66
61.67 -133.23 50.67
61.49 -133.19 50.68
61.43 -133.22 50.69
61.36 -133.23 50.70
61.49 -133.13 50.71
61.41 -133.16 50.72
61.19 -133.30 50.73
61.09 -133.35 50.73
61.01 -133.38 50.73
60.91 -133.44 50.74
60.82 -133.52 50.75
60.90 -133.38 50.75
60.92 -133.26 50.76
60.91 -133.17 50.77
60.72 -133.33 50.78
60.68 -133.37 50.79
60.58 -133.41 50.82
60.41 -133.48 50.83
60.38 -133.46 50.84
60.24 -133.54 50.83
60.11 -133.52 50.83
59.98 -133.68 50.84
59.91 -133.71 50.85
59.80 -133.66 50.86
59.79 -133.78 50.87
59.76 -133.77 50.88
59.76 -133.71 50.89
59.65 -133.80 50.90
59.56 -133.78 50.90
59.49 -133.85 50.91
59.44 -133.77 50.92
59.40 -133.83 50.92
59.36 -133.83 50.93
59.24 -133.84 50.94
59.23 -133.89 50.96
59.19 -133.81 50.97
59.17 -133.81 50.97
59.14 -133.91 50.98
59.16 -133.91 50.98
59.26 -133.89 51.00
59.35 -133.80 51.01
59.29 -133.86 51.01
59.34 -133.84 51.02
59.65 -133.86 51.03
59.69 -133.96 51.04
59.66 -133.89 51.05
59.67 -133.97 51.06
59.78 -133.93 51.07
59.96 -134.10 51.08
60.14 -134.13 51.09
60.11 -134.24 51.09
60.30 -134.21 51.10
60.38 -134.22 51.10
60.50 -134.26 51.11
60.48 -134.26 51.12
60.49 -134.25 51.13
60.58 -134.27 51.14
60.66 -134.31 51.15
60.68 -134.23 51.16
60.76 -134.32 51.17
61.02 -134.38 51.18
60.92 -134.37 51.19
61.07 -134.47 51.20
61.17 -134.53 51.20
61.20 -134.53 51.21
61.36 -134.48 51.22
61.48 -134.60 51.22
61.52 -134.57 51.23
61.68 -134.62 51.24
61.62 -134.51 51.26
61.74 -134.69 51.26
61.82 -134.69 51.27
61.76 -134.71 51.28
61.82 -134.78 51.29
61.89 -134.83 51.30
61.88 -134.70 51.31
61.86 -134.75 51.32
61.89 -134.75 51.32
61.95 -134.77 51.32
61.93 -134.63 51.32
61.93 -134.71 51.32
61.90 -134.65 51.32
62.03 -134.74 51.33
62.04 -134.73 51.34
62.17 -134.81 51.35
62.23 -134.81 51.37
62.39 -134.89 51.38
62.45 -134.93 51.39
62.61 -135.03 51.39
62.65 -135.04 51.40
62.72 -135.06 51.40
62.88 -134.94 51.41
62.98 -135.15 51.42
63.02 -135.26 51.42
63.04 -135.27 51.43
63.13 -135.17 51.44
63.20 -135.21 51.45
63.18 -135.28 51.46
63.23 -135.34 51.47
63.23 -135.35 51.47
63.20 -135.29 51.48
63.16 -135.36 51.49
63.27 -135.26 51.49
63.23 -135.37 51.50
63.06 -135.49 51.50
63.19 -135.38 51.51
63.18 -135.37 51.52
63.29 -135.29 51.52
63.15 -135.45 51.53
63.09 -135.53 51.54
63.04 -135.52 51.54
62.89 -135.59 51.55
62.83 -135.66 51.56
62.82 -135.68 51.57
62.84 -135.75 51.58
62.69 -135.75 51.59
62.77 -135.74 51.60
62.65 -135.75 51.61
62.63 -135.80 51.62
62.56 -135.82 51.64
62.59 -135.83 51.65
62.57 -135.88 51.65
62.46 -135.79 51.67
62.32 -135.85 51.67
62.18 -135.78 51.68
62.14 -135.88 51.68
62.10 -135.78 51.69
62.14 -135.85 51.70
62.21 -135.88 51.71
62.15 -135.92 51.70
62.03 -136.01 51.71
62.06 -135.92 51.72
61.99 -135.94 51.72
62.04 -135.86 51.73
62.00 -135.79 51.74
61.91 -135.73 51.74
61.78 -135.79 51.75
61.71 -135.79 51.75
61.63 -135.76 51.76
61.52 -135.87 51.77
61.35 -135.97 51.77
61.24 -135.99 51.78
61.11 -135.97 51.79
61.06 -136.05 51.79
61.03 -136.03 51.81
60.89 -136.03 51.81
60.86 -135.92 51.82
60.78 -135.86 51.83
60.64 -136.02 51.85
60.45 -136.08 51.85
60.31 -136.18 51.86
60.13 -136.24 51.87
60.08 -136.18 51.88
59.97 -136.21 51.89
59.87 -136.29 51.89
59.76 -136.32 51.91
59.54 -136.25 51.92
59.44 -136.30 51.93
59.34 -136.36 51.95
59.28 -136.30 51.96
59.21 -136.23 51.97
59.18 -136.18 51.97
59.20 -136.28 51.98
59.12 -136.42 51.99
59.15 -136.41 52.00
59.03 -136.42 52.01
59.10 -136.44 52.01
59.07 -136.55 52.02
59.10 -136.54 52.03
59.14 -136.50 52.03
59.16 -136.50 52.04
59.12 -136.57 52.05
59.10 -136.70 52.06
59.16 -136.59 52.07
59.30 -136.57 52.08
59.30 -136.70 52.08
59.37 -136.74 52.09
59.50 -136.69 52.10
59.48 -136.75 52.10
59.41 -136.81 52.11
59.51 -136.87 52.12
59.49 -136.78 52.13
59.47 -136.69 52.13
59.57 -136.55 52.14
59.71 -136.58 52.15
59.69 -136.74 52.16
59.83 -136.81 52.16
60.02 -136.91 52.17
60.15 -136.99 52.18
60.33 -137.03 52.19
60.41 -137.03 52.19
60.51 -137.10 52.20
60.62 -137.07 52.21
60.52 -136.95 52.21
60.76 -137.11 52.22
60.86 -137.14 52.23
61.01 -137.24 52.24
61.09 -137.10 52.24
61.36 -137.18 52.25
61.39 -137.24 52.25
61.49 -137.26 52.26
61.48 -137.31 52.26
61.50 -137.27 52.27
61.56 -137.27 52.26
61.67 -137.07 52.26
61.63 -137.19 52.26
61.56 -137.08 52.25
61.81 -137.23 52.25
61.99 -137.34 52.25
61.98 -137.31 52.25
62.17 -137.39 52.25
62.36 -137.49 52.26
62.50 -137.54 52.28
62.69 -137.56 52.29
62.83 -137.48 52.31
62.95 -137.58 52.34
63.11 -137.50 52.37
63.36 -137.17 52.39
63.34 -137.36 52.41
63.65 -137.26 52.41
63.58 -137.56 52.41
63.41 -137.76 52.41
63.28 -137.78 52.41
63.06 -137.62 52.42
63.03 -137.60 52.42
63.14 -137.71 52.43
63.15 -137.75 52.43
63.32 -137.82 52.45
63.49 -137.79 52.47
63.49 -137.75 52.48
63.56 -137.67 52.48
63.50 -137.75 52.49
63.62 -137.64 52.50
63.46 -137.77 52.51
63.43 -137.70 52.52
63.41 -137.89 52.54
63.32 -137.78 52.54
63.27 -137.88 52.56
63.10 -137.94 52.56
63.06 -138.09 52.57
63.02 -138.23 52.58
63.06 -138.13 52.59
62.88 -138.23 52.59
62.75 -138.29 52.60
62.86 -138.13 52.61
62.73 -138.06 52.62
62.70 -138.02 52.63
62.61 -138.13 52.63
62.42 -138.13 52.64
62.21 -138.31 52.65
62.02 -138.21 52.65
61.97 -138.22 52.66
61.84 -138.28 52.66
61.68 -138.27 52.66
61.54 -138.35 52.67
61.37 -138.39 52.68
61.25 -138.40 52.69
61.10 -138.42 52.69
60.96 -138.41 52.70
60.85 -138.39 52.71
60.73 -138.39 52.72
60.66 -138.43 52.73
60.48 -138.51 52.74
60.43 -138.48 52.76
60.28 -138.53 52.76
60.26 -138.48 52.77
60.07 -138.61 52.78
59.96 -138.61 52.79
59.93 -138.61 52.80
59.78 -138.62 52.81
59.75 -138.64 52.82
59.81 -138.61 52.83
59.79 -138.64 52.84
59.73 -138.69 52.84
59.68 -138.73 52.85
59.71 -138.69 52.86
59.68 -138.70 52.87
59.68 -138.73 52.88
59.73 -138.58 52.89
59.71 -138.74 52.90
59.72 -138.74 52.91
59.65 -138.91 52.91
59.78 -138.86 52.93
59.79 -138.93 52.93
59.86 -138.92 52.94
59.82 -138.89 52.95
59.96 -138.92 52.96
59.86 -138.98 52.96
60.09 -139.03 52.97
60.23 -139.01 52.99
60.20 -139.13 53.00
60.38 -139.12 53.01
60.52 -139.09 53.02
60.52 -139.22 53.04
60.53 -139.29 53.05
60.64 -139.23 53.06
60.69 -139.29 53.06
60.81 -139.37 53.07
60.97 -139.22 53.08
60.98 -139.23 53.08
61.04 -139.33 53.09
61.11 -139.39 53.10
61.15 -139.40 53.10
61.34 -139.38 53.11
61.38 -139.40 53.11
61.43 -139.41 53.12
61.55 -139.21 53.12
61.58 -139.44 53.11
61.67 -139.41 53.10
61.85 -139.47 53.08
61.99 -139.52 53.06
62.04 -139.52 53.05
62.16 -139.64 53.04
62.30 -139.71 53.03
62.43 -139.69 53.02
62.44 -139.74 53.03
62.50 -139.70 53.04
62.60 -139.65 53.04
62.74 -139.81 53.04
62.78 -139.77 53.04
62.94 -139.84 53.04
63.00 -139.89 53.04
63.04 -139.87 53.02
63.21 -139.95 52.99
63.31 -139.98 52.96
63.43 -139.99 52.95
63.46 -139.96 52.94
63.48 -139.78 52.95
63.44 -139.85 52.96
63.60 -140.04 52.99
63.79 -140.08 53.02
63.66 -140.11 53.06
63.89 -139.97 53.10
63.93 -139.88 53.11
63.82 -140.11 53.12
63.72 -140.04 53.13
63.70 -139.95 53.13
63.76 -139.98 53.14
63.79 -140.00 53.15
63.82 -139.95 53.18
64.02 -139.95 53.20
64.26 -140.13 53.23
64.34 -139.97 53.25
64.30 -139.98 53.27
64.49 -139.97 53.29
64.60 -139.93 53.31
64.37 -140.09 53.32
64.47 -140.07 53.33
64.34 -140.17 53.36
64.23 -140.17 53.37
64.26 -140.28 53.39
64.25 -140.30 53.41
64.39 -140.32 53.42
64.37 -140.30 53.43
64.35 -140.37 53.45
64.33 -140.37 53.45
64.35 -140.33 53.46
64.23 -140.33 53.47
64.40 -140.21 53.48
64.21 -140.37 53.49
64.04 -140.44 53.49
63.91 -140.47 53.50
63.74 -140.58 53.52
63.70 -140.51 53.52
63.67 -140.53 53.52
63.60 -140.56 53.53
63.53 -140.55 53.54
63.47 -140.57 53.55
63.39 -140.68 53.56
63.38 -140.65 53.56
63.41 -140.63 53.57
63.41 -140.63 53.59
63.38 -140.65 53.60
63.29 -140.69 53.61
63.17 -140.68 53.62
63.08 -140.80 53.63
62.94 -140.79 53.64
62.85 -140.88 53.65
62.81 -140.86 53.66
62.78 -140.80 53.67
62.70 -140.85 53.67
62.67 -140.84 53.68
62.57 -140.88 53.69
62.52 -140.83 53.70
62.49 -140.86 53.71
62.23 -140.76 53.71
62.18 -140.98 53.72
62.16 -140.86 53.74
62.29 -140.92 53.74
62.23 -140.96 53.76
62.11 -141.03 53.77
62.06 -140.82 53.78
62.13 -140.94 53.78
62.20 -140.94 53.79
62.04 -141.16 53.80
62.12 -140.99 53.80
62.15 -141.05 53.81
62.05 -141.18 53.81
62.08 -141.29 53.83
62.19 -141.27 53.84
62.27 -141.24 53.85
62.36 -141.27 53.86
62.36 -141.35 53.87
62.44 -141.34 53.88
62.50 -141.37 53.89
62.54 -141.43 53.89
62.66 -141.42 53.90
62.61 -141.48 53.89
62.68 -141.46 53.90
62.52 -141.32 53.91
62.54 -141.34 53.92
62.63 -141.43 53.93
62.61 -141.41 53.94
62.69 -141.47 53.95
62.71 -141.42 53.96
62.79 -141.46 53.96
62.89 -141.53 53.97
62.91 -141.54 53.98
63.05 -141.66 54.00
63.09 -141.57 54.01
63.14 -141.64 54.01
63.28 -141.71 54.02
63.34 -141.75 54.02
63.44 -141.75 54.02
63.51 -141.70 54.03
63.45 -141.72 54.03
63.48 -141.72 54.03
63.60 -141.80 54.04
63.68 -141.82 54.04
63.72 -141.79 54.05
63.82 -141.89 54.05
63.94 -141.90 54.05
63.98 -141.95 54.05
64.01 -141.92 54.05
64.19 -141.96 54.05
64.21 -142.03 54.06
64.30 -141.97 54.07
64.35 -141.99 54.08
64.41 -142.00 54.10
64.43 -142.05 54.12
64.68 -142.09 54.13
64.68 -142.19 54.14
64.80 -142.20 54.16
64.88 -142.17 54.17
64.96 -142.15 54.18
64.96 -142.23 54.19
65.18 -142.05 54.20
65.23 -142.20 54.20
65.25 -142.11 54.22
65.37 -142.15 54.22
65.35 -142.22 54.23
65.26 -142.32 54.23
65.25 -142.25 54.24
65.36 -142.22 54.25
65.38 -142.37 54.26
65.46 -142.28 54.27
65.45 -142.36 54.27
65.41 -142.39 54.28
65.32 -142.45 54.28
65.27 -142.47 54.29
65.26 -142.56 54.30
65.11 -142.56 54.30
65.19 -142.46 54.31
65.20 -142.59 54.31
65.23 -142.55 54.32
65.26 -142.56 54.33
65.22 -142.57 54.34
65.17 -142.62 54.34
65.14 -142.61 54.35
64.99 -142.48 54.36
64.97 -142.77 54.36
65.03 -142.60 54.37
64.93 -142.79 54.37
64.98 -142.73 54.38
65.02 -142.68 54.39
64.93 -142.72 54.40
64.87 -142.78 54.41
64.82 -142.79 54.42
64.74 -142.84 54.42
64.66 -142.88 54.43
64.67 -142.83 54.44
64.57 -142.89 54.45
64.55 -142.79 54.45
64.48 -142.89 54.46
64.44 -142.86 54.47
64.37 -142.86 54.48
64.27 -142.93 54.49
64.18 -142.90 54.49
64.09 -142.87 54.50
63.98 -142.98 54.51
63.98 -143.15 54.51
63.95 -143.18 54.52
64.01 -143.11 54.53
64.16 -142.99 54.54
64.01 -143.13 54.55
64.01 -143.14 54.56
64.09 -143.00 54.57
64.04 -143.06 54.58
64.01 -143.08 54.59
63.94 -143.13 54.60
63.78 -143.24 54.61
63.80 -143.23 54.63
63.54 -143.30 54.64
63.49 -143.20 54.65
63.60 -143.20 54.66
63.61 -143.26 54.67
63.58 -143.28 54.68
63.58 -143.27 54.69
63.64 -143.42 54.70
63.71 -143.41 54.71
63.85 -143.35 54.72
63.77 -143.43 54.73
63.79 -143.48 54.74
63.90 -143.52 54.75
63.94 -143.56 54.76
63.96 -143.59 54.78
64.12 -143.51 54.79
64.15 -143.54 54.80
64.23 -143.66 54.81
64.25 -143.72 54.82
64.43 -143.65 54.83
64.49 -143.61 54.83
64.50 -143.77 54.85
64.61 -143.69 54.85
64.53 -143.69 54.85
64.71 -143.86 54.85
64.70 -143.81 54.86
64.72 -143.85 54.86
64.80 -143.90 54.86
64.88 -143.82 54.87
64.95 -143.85 54.87
64.99 -143.94 54.88
64.99 -143.95 54.88
65.10 -144.00 54.88
65.19 -144.08 54.88
65.22 -143.90 54.89
65.29 -144.00 54.89
65.26 -144.09 54.90
65.26 -144.06 54.90
65.36 -144.14 54.92
65.33 -144.13 54.93
65.20 -144.02 54.95
65.22 -144.05 54.96
65.30 -143.93 54.98
65.40 -144.13 54.98
65.51 -144.09 54.98
65.62 -144.20 55.00
65.81 -144.17 55.02
65.99 -144.07 55.03
66.04 -144.33 55.04
66.26 -144.07 55.05
66.12 -144.36 55.07
66.15 -144.44 55.08
66.39 -144.36 55.09
66.26 -144.47 55.09
66.49 -144.55 55.10
66.25 -144.28 55.10
66.47 -144.36 55.11
66.49 -144.37 55.11
66.66 -144.46 55.11
66.67 -144.49 55.11
67.08 -144.26 55.12
67.11 -144.28 55.12
67.07 -144.35 55.13
66.99 -144.51 55.13
66.89 -144.48 55.14
66.94 -144.45 55.15
67.04 -144.61 55.16
67.11 -144.63 55.17
67.18 -144.58 55.17
67.15 -144.53 55.18
67.12 -144.60 55.18
66.93 -144.69 55.18
66.88 -144.70 55.19
66.83 -144.68 55.20
66.79 -144.69 55.21
67.07 -144.80 55.22
66.98 -144.90 55.23
66.94 -144.92 55.23
66.94 -144.83 55.24
66.82 -144.87 55.25
66.84 -144.77 55.25
66.83 -144.84 55.26
66.85 -144.88 55.27
66.68 -144.86 55.27
66.68 -144.88 55.28
66.56 -144.83 55.29
66.57 -144.96 55.30
66.49 -144.96 55.30
66.36 -144.99 55.31
66.21 -145.06 55.32
66.08 -145.09 55.33
65.95 -145.12 55.34
65.94 -145.09 55.35
65.90 -145.05 55.36
65.78 -145.10 55.36
65.71 -145.14 55.37
65.64 -145.17 55.37
65.57 -145.11 55.38
65.47 -145.14 55.40
65.41 -145.29 55.40
65.40 -145.30 55.41
65.46 -145.22 55.42
65.44 -145.23 55.43
65.36 -145.29 55.44
65.30 -145.35 55.44
65.38 -145.25 55.45
65.26 -145.20 55.45
65.29 -145.35 55.46
65.18 -145.35 55.47
65.33 -145.29 55.47
65.53 -145.35 55.48
65.48 -145.45 55.49
65.40 -145.55 55.50
65.41 -145.57 55.51
65.38 -145.53 55.52
65.40 -145.45 55.53
65.30 -145.64 55.54
65.18 -145.55 55.55
65.11 -145.41 55.56
65.23 -145.50 55.56
65.44 -145.50 55.57
65.44 -145.58 55.58
65.54 -145.62 55.59
65.70 -145.48 55.59
65.47 -145.73 55.60
65.75 -145.74 55.61
65.82 -145.91 55.62
65.86 -145.88 55.62
65.80 -145.75 55.63
65.96 -145.88 55.64
65.90 -145.79 55.64
66.01 -145.77 55.64
66.09 -145.87 55.65
66.15 -145.89 55.65
66.28 -145.90 55.66
66.32 -145.94 55.68
66.36 -145.88 55.69
66.47 -145.89 55.71
66.54 -145.95 55.72
66.55 -146.15 55.73
66.58 -146.12 55.74
66.49 -146.11 55.76
66.46 -145.98 55.77
66.55 -146.12 55.78
66.55 -146.17 55.79
66.58 -146.16 55.79
66.59 -146.11 55.80
66.73 -146.17 55.81
66.96 -146.27 55.82
66.90 -146.24 55.83
66.97 -146.29 55.84
67.05 -146.36 55.84
67.02 -146.32 55.85
67.04 -146.28 55.85
67.11 -146.39 55.86
66.89 -146.21 55.87
67.19 -146.50 55.88
67.16 -146.54 55.89
67.34 -146.36 55.90
66.92 -146.45 55.90
67.22 -146.47 55.91
67.37 -146.50 55.91
67.33 -146.38 55.92
67.27 -146.25 55.93
67.23 -146.50 55.93
67.17 -146.59 55.94
67.09 -146.66 55.94
66.92 -146.58 55.95
67.01 -146.64 55.96
67.18 -146.71 55.96
67.27 -146.74 55.97
67.39 -146.62 55.97
67.43 -146.57 55.98
67.42 -146.64 55.98
67.48 -146.71 55.99
67.50 -146.68 56.00
67.52 -146.70 56.01
67.56 -146.65 56.01
67.40 -146.70 56.02
67.39 -146.61 56.02
67.37 -146.57 56.03
67.45 -146.70 56.03
67.66 -146.89 56.04
67.70 -146.88 56.04
68.03 -146.74 56.05
68.08 -146.61 56.06
67.81 -146.81 56.06
67.82 -146.79 56.07
67.72 -146.88 56.07
67.63 -146.89 56.08
67.47 -147.06 56.09
67.33 -147.13 56.10
67.23 -147.25 56.11
67.20 -147.28 56.11
67.19 -147.23 56.12
67.24 -147.22 56.13
67.29 -147.22 56.14
67.33 -147.21 56.15
67.47 -147.15 56.15
67.47 -147.22 56.15
67.41 -147.32 56.15
67.46 -147.29 56.16
67.48 -147.36 56.17
67.50 -147.43 56.18
67.54 -147.47 56.19
67.56 -147.47 56.20
67.51 -147.58 56.20
67.62 -147.54 56.21
67.70 -147.50 56.22
67.69 -147.53 56.23
67.69 -147.59 56.24
67.63 -147.55 56.25
67.75 -147.61 56.26
67.77 -147.62 56.27
67.76 -147.68 56.28
67.79 -147.73 56.29
67.82 -147.77 56.30
67.95 -147.69 56.31
68.05 -147.67 56.32
68.12 -147.69 56.33
68.23 -147.71 56.33
67.97 -147.70 56.34
68.21 -147.85 56.35
68.22 -147.82 56.36
68.19 -147.89 56.37
68.21 -147.89 56.38
68.10 -147.92 56.39
68.20 -147.93 56.40
68.05 -147.85 56.40
68.29 -147.98 56.41
68.25 -148.00 56.41
68.27 -147.98 56.42
68.42 -148.05 56.43
68.45 -147.98 56.44
68.48 -148.08 56.45
68.49 -148.05 56.45
68.48 -148.04 56.46
68.52 -148.06 56.46
68.56 -148.10 56.47
68.53 -148.05 56.47
68.59 -148.11 56.47
68.63 -148.14 56.47
68.64 -148.09 56.47
68.62 -148.14 56.47
68.63 -148.16 56.47
68.64 -148.17 56.47
68.66 -148.18 56.47
68.67 -148.22 56.47
68.63 -148.24 56.47
68.70 -148.38 56.48
68.65 -148.37 56.49
68.60 -148.41 56.50
68.46 -148.35 56.50
68.59 -148.57 56.51
68.50 -148.57 56.52
68.45 -148.59 56.53
68.47 -148.66 56.54
68.43 -148.61 56.55
68.50 -148.60 56.56
68.30 -148.70 56.57
68.48 -148.60 56.59
68.23 -148.74 56.60
68.04 -148.60 56.61
68.22 -148.79 56.63
68.37 -148.70 56.64
68.20 -148.87 56.65
68.13 -148.88 56.66
68.24 -148.69 56.66
68.20 -148.71 56.67
68.21 -148.75 56.68
68.25 -148.74 56.69
68.21 -148.73 56.70
68.28 -148.70 56.71
68.15 -148.85 56.72
68.15 -148.85 56.73
68.02 -148.94 56.74
68.09 -148.86 56.75
68.15 -148.85 56.76
68.16 -148.91 56.77
68.22 -148.88 56.78
68.34 -148.82 56.79
68.36 -148.88 56.80
68.35 -148.92 56.81
68.36 -148.96 56.82
68.39 -148.96 56.83
68.40 -148.96 56.83
68.36 -149.09 56.84
68.34 -149.15 56.85
68.43 -149.09 56.86
68.51 -149.04 56.88
68.50 -149.10 56.89
68.52 -149.11 56.90
68.51 -149.22 56.90
68.68 -149.12 56.91
68.54 -149.34 56.92
68.73 -149.21 56.93
68.80 -149.21 56.93
68.86 -149.21 56.94
68.76 -149.36 56.95
68.93 -149.29 56.96
68.71 -149.54 56.97
69.02 -149.37 56.98
69.04 -149.43 56.98
69.04 -149.50 56.99
68.96 -149.54 57.00
69.19 -149.51 57.01
68.99 -149.57 57.01
69.10 -149.65 57.02
69.27 -149.64 57.03
69.34 -149.65 57.04
69.30 -149.70 57.05
69.29 -149.65 57.06
69.31 -149.69 57.06
69.42 -149.63 57.07
69.45 -149.72 57.08
69.60 -149.79 57.08
69.51 -149.82 57.09
69.57 -149.76 57.10
69.66 -149.84 57.10
69.53 -149.81 57.11
69.57 -149.87 57.12
69.62 -149.82 57.13
69.42 -149.69 57.14
69.49 -149.67 57.15
69.68 -149.68 57.16
69.72 -149.76 57.16
69.68 -149.76 57.16
69.53 -149.93 57.15
69.47 -149.97 57.15
69.32 -149.99 57.14
69.23 -149.95 57.14
69.17 -149.98 57.14
69.25 -149.89 57.14
69.24 -149.79 57.14
69.16 -149.86 57.13
69.12 -149.91 57.12
69.03 -150.06 57.11
68.87 -150.09 57.11
68.78 -150.21 57.11
68.77 -150.28 57.10
68.79 -150.36 57.11
68.78 -150.28 57.12
68.66 -150.24 57.13
68.55 -150.39 57.13
68.51 -150.37 57.13
68.36 -150.36 57.12
68.39 -150.18 57.10
68.26 -150.41 57.08
68.20 -150.33 57.06
68.17 -150.33 57.05
68.10 -150.38 57.04
68.04 -150.40 57.04
68.10 -150.41 57.06
67.99 -150.46 57.09
68.03 -150.53 57.13
67.84 -150.48 57.17
67.88 -150.42 57.20
67.86 -150.47 57.20
67.74 -150.44 57.22
67.65 -150.38 57.24
67.74 -150.27 57.25
67.81 -150.28 57.26
67.63 -150.36 57.27
67.76 -150.35 57.29
67.73 -150.43 57.33
67.65 -150.35 57.37
67.55 -150.45 57.39
67.85 -150.38 57.42
67.66 -150.44 57.44
67.79 -150.46 57.45
67.88 -150.52 57.47
67.94 -150.55 57.49
67.91 -150.65 57.50
67.97 -150.65 57.52
67.97 -150.63 57.53
68.08 -150.73 57.53
68.06 -150.76 57.54
68.11 -150.77 57.55
68.18 -150.77 57.56
68.20 -150.85 57.57
68.18 -150.82 57.57
68.33 -150.97 57.59
68.30 -150.97 57.60
68.39 -151.07 57.60
68.47 -151.06 57.61
68.54 -151.07 57.62
68.60 -151.06 57.63
68.67 -151.02 57.63
68.66 -151.07 57.64
68.62 -151.18 57.65
68.64 -151.20 57.66
68.62 -151.26 57.66
68.70 -151.23 57.67
68.69 -151.29 57.68
68.72 -151.31 57.70
68.71 -151.37 57.71
68.79 -151.33 57.72
68.87 -151.32 57.72
68.94 -151.32 57.73
68.94 -151.35 57.74
68.97 -151.41 57.75
68.97 -151.49 57.76
69.02 -151.46 57.77
69.11 -151.53 57.77
69.09 -151.57 57.78
69.18 -151.59 57.79
69.21 -151.59 57.80
69.30 -151.54 57.81
69.34 -151.57 57.82
69.39 -151.60 57.83
69.27 -151.75 57.83
69.39 -151.75 57.84
69.30 -151.74 57.85
69.47 -151.78 57.85
69.46 -151.86 57.86
69.60 -151.77 57.87
69.63 -151.77 57.88
69.63 -151.85 57.89
69.56 -151.82 57.89
69.62 -151.87 57.90
69.64 -151.89 57.91
69.82 -151.86 57.92
69.68 -151.89 57.93
69.61 -151.85 57.93
69.74 -151.93 57.94
69.84 -151.94 57.95
69.88 -151.95 57.95
69.80 -151.96 57.97
69.87 -151.94 57.97
69.84 -151.97 57.98
69.92 -152.04 57.99
69.99 -152.06 58.00
69.76 -151.99 58.00
69.79 -152.02 58.01
69.87 -152.11 58.01
69.74 -151.98 58.02
69.80 -152.06 58.03
69.86 -152.13 58.03
69.92 -152.19 58.04
69.93 -152.20 58.04
69.95 -152.24 58.04
69.95 -152.26 58.04
69.97 -152.30 58.04
69.93 -152.28 58.04
69.98 -152.31 58.05
69.98 -152.36 58.05
69.99 -152.40 58.05
69.95 -152.38 58.05
69.97 -152.43 58.05
70.00 -152.50 58.06
69.89 -152.41 58.07
70.16 -152.50 58.08
70.03 -152.53 58.09
69.94 -152.51 58.10
69.91 -152.48 58.11
70.06 -152.64 58.13
69.95 -152.56 58.15
69.90 -152.52 58.16
69.95 -152.63 58.17
70.03 -152.68 58.18
69.93 -152.60 58.19
70.06 -152.75 58.20
70.20 -152.71 58.21
70.07 -152.79 58.22
70.12 -152.80 58.22
69.96 -152.82 58.23
70.05 -152.86 58.23
69.99 -152.94 58.24
69.98 -152.93 58.24
70.02 -152.92 58.25
70.02 -152.92 58.25
70.02 -152.90 58.26
69.87 -153.03 58.27
70.04 -152.89 58.27
69.87 -153.06 58.28
69.94 -153.01 58.29
69.84 -153.10 58.30
69.98 -152.97 58.30
69.86 -153.11 58.31
69.96 -153.02 58.32
69.85 -153.14 58.32
69.89 -153.13 58.33
69.98 -153.06 58.33
69.91 -153.16 58.33
69.79 -153.28 58.34
69.82 -153.29 58.34
69.89 -153.24 58.35
69.86 -153.29 58.36
69.93 -153.25 58.36
69.87 -153.33 58.37
69.99 -153.23 58.38
69.94 -153.29 58.39
69.98 -153.25 58.40
69.99 -153.24 58.41
70.01 -153.20 58.42
69.93 -153.29 58.43
69.91 -153.30 58.43
69.88 -153.34 58.44
69.84 -153.40 58.45
69.86 -153.40 58.46
69.83 -153.46 58.47
69.78 -153.54 58.48
69.76 -153.58 58.50
69.76 -153.61 58.51
69.83 -153.50 58.53
69.74 -153.61 58.54
69.73 -153.61 58.55
69.77 -153.54 58.56
69.79 -153.51 58.57
69.79 -153.52 58.58
69.65 -153.65 58.58
69.68 -153.69 58.59
69.68 -153.71 58.60
69.73 -153.73 58.61
69.62 -153.86 58.61
69.76 -153.80 58.62
69.85 -153.75 58.63
69.70 -153.84 58.64
69.84 -153.87 58.65
69.82 -153.96 58.66
69.78 -154.00 58.66
69.86 -153.95 58.67
70.04 -153.86 58.68
69.86 -153.97 58.69
69.92