10.43 -4.13 0.46
10.42 -4.08 0.47
10.60 -4.06 0.49
10.79 -3.99 0.52
11.05 -4.02 0.53
11.52 -4.13 0.56
11.76 -4.38 0.59
11.65 -4.21 0.59
12.13 -4.53 0.60
12.24 -3.99 0.61
12.61 -4.14 0.62
12.23 -4.09 0.62
12.09 -4.27 0.62
11.90 -4.19 0.63
11.61 -4.18 0.63
10.91 -4.17 0.63
10.74 -4.61 0.65
10.53 -4.20 0.68
10.16 -3.98 0.70
9.31 -3.99 0.75
8.66 -4.03 0.74
8.27 -3.70 0.75
7.44 -3.77 0.74
6.66 -3.92 0.73
5.87 -3.91 0.70
5.21 -4.11 0.68
4.72 -4.12 0.68
4.47 -4.33 0.68
4.27 -4.30 0.69
4.22 -4.43 0.70
4.27 -4.37 0.72
3.73 -4.62 0.72
3.12 -4.57 0.72
2.49 -4.13 0.74
3.30 -4.05 0.76
2.82 -4.35 0.77
2.90 -4.21 0.78
3.36 -4.27 0.80
3.68 -4.44 0.81
4.06 -4.53 0.83
4.51 -4.58 0.85
4.99 -4.75 0.88
5.77 -5.03 0.90
6.44 -5.14 0.91
7.03 -5.36 0.91
7.41 -5.33 0.93
7.79 -5.45 0.96
8.12 -5.51 0.97
8.47 -5.75 1.01
8.73 -5.75 1.03
9.26 -5.84 1.06
9.81 -5.40 1.16
11.16 -4.18 1.27
11.92 -3.86 1.24
11.88 -5.19 1.29
12.38 -5.09 1.31
12.70 -4.96 1.34
13.05 -5.12 1.35
13.42 -5.02 1.38
13.73 -4.99 1.39
13.64 -5.17 1.40
13.41 -5.25 1.40
13.20 -5.33 1.42
13.20 -5.20 1.43
13.14 -5.17 1.44
12.87 -5.30 1.44
12.34 -5.49 1.42
11.62 -5.69 1.41
11.13 -5.40 1.39
10.60 -5.19 1.39
10.21 -5.89 1.35
9.71 -5.98 1.36
9.05 -6.25 1.37
8.69 -6.04 1.37
8.23 -5.80 1.37
7.46 -5.98 1.36
6.76 -5.96 1.34
6.07 -6.00 1.34
5.34 -5.87 1.34
4.78 -6.09 1.34
4.13 -6.04 1.31
3.87 -6.14 1.31
3.48 -6.07 1.32
3.13 -6.26 1.32
3.15 -6.15 1.33
2.97 -6.15 1.34
2.75 -6.37 1.35
2.60 -6.35 1.37
2.84 -6.60 1.39
2.92 -6.55 1.40
2.76 -6.44 1.37
2.71 -6.37 1.37
2.85 -6.65 1.38
2.25 -6.19 1.38
2.77 -6.28 1.40
3.00 -6.10 1.41
3.88 -6.38 1.41
4.90 -6.64 1.39
5.62 -7.18 1.39
6.15 -7.13 1.40
6.63 -7.22 1.43
7.03 -7.19 1.49
7.19 -6.90 1.56
8.00 -7.11 1.62
8.69 -7.18 1.65
9.58 -7.39 1.67
10.37 -7.24 1.70
10.79 -7.13 1.74
11.09 -7.04 1.77
11.58 -6.95 1.80
12.15 -6.87 1.83
12.46 -6.90 1.85
12.13 -6.53 1.82
12.32 -6.86 1.84
12.26 -7.13 1.88
11.84 -7.06 1.88
11.64 -7.15 1.89
11.54 -7.14 1.90
11.34 -7.07 1.91
10.74 -6.93 1.90
10.02 -6.87 1.87
9.19 -7.00 1.86
8.27 -6.98 1.80
7.40 -7.10 1.77
6.36 -7.19 1.73
5.47 -7.10 1.71
4.60 -7.10 1.69
3.88 -6.79 1.67
3.11 -7.28 1.67
2.52 -7.73 1.68
2.09 -7.76 1.69
1.64 -7.80 1.69
1.39 -7.62 1.70
0.80 -7.73 1.74
0.44 -7.69 1.75
0.09 -7.59 1.75
0.02 -7.90 1.76
-0.07 -7.84 1.76
-0.14 -7.74 1.75
-0.62 -7.68 1.76
-0.59 -7.63 1.77
-0.72 -7.68 1.79
-0.39 -7.08 1.75
0.17 -7.70 1.74
0.30 -7.58 1.75
0.78 -8.18 1.81
1.26 -7.71 1.85
1.58 -8.33 1.87
2.63 -8.04 1.90
2.98 -8.45 1.92
3.95 -8.38 1.97
4.77 -8.43 2.00
5.80 -8.61 2.04
6.75 -8.69 2.09
7.80 -8.64 2.13
8.67 -8.78 2.17
9.52 -8.90 2.22
10.25 -8.72 2.25
11.39 -8.60 2.30
12.34 -8.90 2.34
12.99 -8.78 2.37
13.87 -8.71 2.41
14.69 -9.00 2.46
15.49 -8.95 2.48
15.79 -9.29 2.50
16.36 -8.94 2.53
16.75 -8.97 2.55
17.12 -8.93 2.57
17.57 -9.05 2.59
17.96 -9.15 2.60
18.22 -9.31 2.61
18.61 -9.32 2.61
18.70 -9.38 2.63
18.90 -9.24 2.64
19.04 -9.31 2.66
19.07 -9.27 2.67
19.17 -9.36 2.68
19.09 -9.40 2.69
18.91 -9.48 2.70
18.91 -9.45 2.71
18.85 -9.38 2.71
18.74 -9.23 2.72
18.55 -9.14 2.73
18.25 -9.13 2.73
17.86 -9.09 2.73
17.45 -9.05 2.72
17.08 -9.08 2.72
16.78 -9.11 2.71
16.62 -9.31 2.74
16.29 -8.90 2.72
15.11 -9.81 2.74
14.35 -9.44 2.73
13.75 -9.92 2.72
12.84 -10.07 2.71
11.74 -10.12 2.69
10.77 -9.80 2.68
9.75 -9.94 2.66
8.91 -9.33 2.64
8.34 -9.51 2.62
7.62 -10.28 2.61
6.95 -9.70 2.60
6.32 -9.90 2.60
5.78 -9.80 2.59
5.31 -9.58 2.59
5.11 -9.37 2.60
5.09 -9.77 2.62
5.91 -9.43 2.62
5.64 -9.83 2.62
5.73 -10.05 2.65
5.71 -9.90 2.67
6.25 -9.64 2.70
6.88 -10.28 2.74
7.66 -10.19 2.80
8.59 -10.54 2.84
9.24 -10.72 2.87
9.92 -11.07 2.93
10.58 -11.15 2.98
11.43 -11.04 3.01
12.22 -10.83 3.04
12.99 -10.71 3.08
13.81 -10.78 3.13
14.26 -10.74 3.16
15.01 -10.90 3.16
15.38 -10.42 3.13
15.92 -10.54 3.17
16.47 -10.68 3.20
16.89 -10.55 3.23
17.02 -10.77 3.26
17.08 -10.80 3.28
17.10 -11.06 3.30
17.05 -11.14 3.32
17.11 -11.22 3.33
17.24 -11.11 3.34
17.27 -11.38 3.36
17.12 -11.37 3.36
16.96 -11.01 3.38
17.00 -11.13 3.40
16.85 -11.03 3.41
16.65 -10.82 3.41
16.65 -11.23 3.43
16.49 -11.25 3.43
16.11 -11.42 3.40
15.69 -11.08 3.42
15.08 -10.93 3.40
14.89 -11.09 3.45
14.66 -11.56 3.46
13.73 -11.59 3.47
12.89 -11.99 3.46
12.03 -12.03 3.45
10.96 -12.17 3.43
9.98 -11.82 3.42
9.40 -11.76 3.40
8.53 -11.87 3.39
7.81 -11.87 3.38
7.13 -11.51 3.37
6.73 -11.55 3.39
6.67 -11.67 3.40
6.57 -11.64 3.41
6.62 -11.74 3.42
7.01 -11.85 3.45
7.12 -11.90 3.46
7.06 -11.76 3.49
7.93 -11.84 3.53
8.51 -12.25 3.57
9.16 -11.77 3.61
10.08 -12.20 3.66
11.10 -12.62 3.70
12.29 -13.08 3.74
13.70 -12.65 3.79
14.70 -12.56 3.82
15.72 -12.55 3.85
16.75 -12.51 3.88
17.23 -12.88 3.93
17.61 -13.07 3.97
18.67 -12.87 3.97
19.25 -12.38 3.97
19.62 -12.74 4.00
19.81 -13.00 4.03
19.97 -12.65 4.06
20.29 -12.80 4.07
20.41 -12.76 4.10
20.34 -12.76 4.12
20.10 -12.70 4.13
19.91 -12.78 4.14
19.70 -12.94 4.15
19.34 -13.20 4.17
18.89 -13.17 4.16
18.42 -13.19 4.15
18.14 -12.80 4.13
17.38 -12.75 4.12
16.26 -12.97 4.11
15.48 -13.17 4.07
14.63 -13.15 4.11
13.79 -13.03 4.09
12.99 -12.93 4.05
12.23 -13.07 4.04
11.49 -13.32 4.07
10.76 -13.09 4.01
10.34 -13.64 4.07
10.10 -13.57 4.07
9.66 -13.76 4.05
9.38 -13.74 4.06
8.99 -13.70 4.07
8.96 -13.79 4.07
8.59 -14.14 4.07
8.39 -13.87 4.07
7.99 -13.94 4.07
7.88 -13.67 4.10
8.03 -14.20 4.10
8.23 -13.81 4.11
7.99 -13.73 4.12
8.46 -14.01 4.14
8.89 -13.91 4.15
9.26 -14.14 4.17
9.84 -14.23 4.20
10.52 -14.50 4.22
11.39 -14.53 4.24
11.78 -14.68 4.27
12.70 -14.68 4.29
13.65 -14.96 4.34
14.59 -15.00 4.38
15.03 -14.59 4.41
15.46 -14.61 4.45
16.38 -14.89 4.50
17.19 -14.86 4.53
17.82 -14.85 4.57
18.86 -14.83 4.60
19.03 -15.15 4.64
19.30 -14.87 4.67
19.55 -14.86 4.70
20.40 -15.22 4.72
20.71 -15.00 4.72
20.87 -14.81 4.72
21.23 -15.24 4.74
21.28 -15.17 4.76
21.19 -15.25 4.78
21.14 -15.15 4.79
20.80 -15.39 4.81
20.52 -15.31 4.82
20.25 -15.27 4.86
19.81 -15.31 4.87
19.42 -15.35 4.87
19.14 -15.26 4.89
18.62 -14.98 4.89
17.54 -14.96 4.86
16.57 -15.44 4.85
15.85 -15.22 4.82
15.07 -15.00 4.82
14.15 -15.41 4.80
13.54 -15.50 4.79
12.99 -15.61 4.79
12.57 -15.64 4.81
12.26 -15.62 4.82
12.22 -14.72 4.75
11.76 -15.76 4.75
11.13 -16.24 4.74
10.83 -16.27 4.73
10.53 -16.40 4.72
10.54 -16.19 4.74
10.06 -16.31 4.73
9.49 -16.24 4.73
9.17 -16.09 4.74
9.01 -16.61 4.73
8.85 -16.51 4.74
8.73 -16.53 4.74
8.54 -16.47 4.74
8.72 -16.67 4.77
8.68 -16.81 4.78
8.61 -16.51 4.78
8.72 -16.72 4.78
8.36 -16.56 4.78
8.45 -16.57 4.80
8.75 -16.82 4.82
9.00 -16.91 4.83
9.20 -16.88 4.84
9.43 -16.93 4.85
9.86 -16.99 4.86
10.82 -17.26 4.87
11.20 -17.26 4.88
11.60 -17.15 4.90
12.40 -17.03 4.94
12.37 -16.78 4.97
12.86 -16.68 5.01
13.79 -17.07 5.07
14.59 -17.42 5.10
15.22 -17.55 5.12
15.93 -17.49 5.15
16.44 -17.26 5.17
16.86 -17.20 5.19
17.08 -17.13 5.21
17.45 -16.85 5.24
17.69 -16.59 5.25
17.39 -16.80 5.23
17.37 -16.40 5.22
16.74 -16.76 5.21
15.98 -16.71 5.21
15.52 -16.60 5.22
14.77 -16.24 5.31
14.77 -16.79 5.25
13.92 -16.95 5.23
13.17 -17.74 5.24
12.55 -17.05 5.25
11.36 -16.41 5.26
10.84 -16.12 5.27
11.69 -16.26 5.29
11.93 -16.84 5.32
12.63 -16.78 5.36
13.23 -17.08 5.40
13.86 -17.42 5.41
15.48 -18.13 5.50
16.87 -17.66 5.39
17.35 -17.34 5.34
17.37 -16.90 5.36
17.94 -16.82 5.39
18.30 -16.68 5.41
17.41 -17.15 5.40
17.36 -17.20 5.42
17.28 -17.24 5.43
16.69 -17.17 5.39
16.21 -17.84 5.40
15.55 -17.87 5.40
15.00 -17.94 5.18
14.65 -18.05 5.16
13.10 -18.56 5.15
12.53 -18.19 5.13
11.75 -17.79 5.11
10.90 -17.63 5.10
10.33 -17.59 5.09
10.13 -17.73 5.10
10.71 -17.98 5.12
11.13 -18.38 5.15
11.18 -18.29 5.17
11.31 -17.90 5.20
11.56 -17.91 5.23
12.97 -18.60 5.31
13.70 -18.78 5.33
15.05 -19.70 5.38
16.34 -18.93 5.53
17.66 -18.99 5.59
18.17 -19.20 5.66
18.63 -18.66 5.67
19.24 -19.01 5.69
19.48 -18.77 5.71
19.93 -18.88 5.74
19.96 -18.96 5.76
19.86 -19.10 5.77
19.83 -19.53 5.78
20.08 -19.67 5.79
20.02 -19.64 5.80
19.97 -19.52 5.82
20.18 -19.49 5.83
20.13 -19.56 5.84
19.78 -19.33 5.86
19.56 -19.52 5.87
19.35 -19.52 5.87
18.82 -19.69 5.88
18.37 -19.59 5.88
17.86 -19.50 5.88
17.37 -19.48 5.87
16.88 -19.46 5.87
15.97 -19.61 5.84
14.88 -19.47 5.82
14.59 -19.46 5.78
13.95 -19.73 5.78
13.38 -20.00 5.76
13.09 -19.56 5.77
12.54 -19.57 5.75
11.63 -19.41 5.75
10.96 -19.44 5.75
10.64 -19.41 5.76
10.49 -19.60 5.77
10.51 -19.98 5.79
10.73 -20.67 5.82
11.21 -20.35 5.83
10.83 -20.68 5.84
10.88 -20.72 5.86
10.84 -20.73 5.87
10.75 -20.66 5.88
10.75 -20.74 5.89
10.80 -20.85 5.90
10.87 -20.70 5.91
10.97 -20.19 5.92
11.22 -19.98 5.94
11.88 -20.15 5.97
12.83 -20.52 6.01
13.24 -20.30 6.03
14.17 -20.02 5.96
15.38 -21.15 6.00
16.28 -20.79 6.05
16.55 -20.59 6.06
16.40 -20.48 6.06
16.34 -20.67 6.07
16.34 -20.90 6.11
16.33 -21.13 6.12
16.45 -20.75 6.14
16.60 -21.17 6.16
16.54 -21.14 6.17
16.68 -21.57 6.18
16.77 -21.61 6.19
16.79 -21.65 6.20
16.80 -21.70 6.22
17.40 -21.34 6.24
17.27 -21.58 6.25
17.33 -21.57 6.27
17.45 -21.43 6.28
17.47 -21.22 6.28
17.08 -21.45 6.28
16.72 -21.67 6.29
16.71 -21.20 6.30
16.16 -21.41 6.29
15.40 -21.91 6.30
14.83 -21.66 6.34
14.54 -21.31 6.34
14.58 -21.41 6.35
14.73 -21.62 6.38
14.83 -21.54 6.40
15.54 -22.12 6.41
15.78 -22.02 6.41
15.94 -22.14 6.42
15.81 -22.22 6.43
15.45 -21.81 6.44
15.58 -21.81 6.46
15.97 -22.01 6.48
16.01 -21.92 6.50
16.22 -22.01 6.52
16.20 -22.00 6.53
16.36 -22.19 6.54
16.34 -22.19 6.57
16.62 -22.27 6.57
16.65 -22.21 6.58
16.58 -22.13 6.58
16.55 -22.10 6.59
16.54 -22.04 6.59
16.13 -22.36 6.60
15.91 -22.50 6.61
15.70 -22.70 6.64
15.82 -22.60 6.67
16.20 -22.24 6.67
15.95 -22.46 6.68
16.20 -22.27 6.69
15.84 -22.55 6.69
15.90 -22.49 6.69
15.77 -22.67 6.71
15.54 -23.17 6.73
15.36 -23.04 6.76
15.43 -23.28 6.78
15.10 -22.94 6.81
15.07 -22.84 6.83
15.03 -22.65 6.85
15.22 -22.80 6.87
15.36 -22.84 6.88
15.44 -22.90 6.90
15.81 -23.23 6.90
15.71 -23.05 6.91
15.66 -23.10 6.92
15.87 -23.28 6.94
15.93 -23.22 6.95
15.95 -23.43 6.96
15.72 -23.40 6.97
15.54 -23.73 6.98
15.30 -23.80 6.98
15.38 -23.76 6.98
15.46 -23.73 6.99
15.44 -23.67 7.00
15.38 -23.57 7.01
15.25 -23.59 7.03
15.21 -23.49 7.04
14.86 -23.75 7.05
14.80 -23.75 7.06
14.94 -23.69 7.08
15.03 -23.70 7.08
15.04 -23.81 7.10
15.13 -23.74 7.11
15.03 -23.74 7.12
14.79 -23.96 7.13
14.47 -24.00 7.13
14.14 -24.46 7.14
13.95 -24.41 7.15
13.63 -24.19 7.16
13.73 -24.25 7.17
13.64 -24.10 7.18
13.75 -24.16 7.20
13.68 -24.09 7.21
13.54 -23.93 7.23
13.81 -24.25 7.24
14.00 -24.36 7.25
13.85 -24.21 7.26
13.67 -23.93 7.27
13.76 -23.96 7.29
14.05 -24.25 7.31
14.35 -24.60 7.33
14.63 -24.80 7.34
14.92 -24.50 7.35
14.80 -24.52 7.35
14.78 -24.26 7.35
14.50 -24.31 7.36
14.23 -24.41 7.35
13.92 -24.52 7.35
13.55 -24.70 7.35
13.22 -24.83 7.36
13.02 -24.94 7.37
13.12 -24.79 7.38
13.36 -24.54 7.39
13.34 -24.57 7.40
13.17 -24.85 7.42
13.23 -24.98 7.43
13.11 -25.11 7.44
13.30 -25.08 7.46
13.13 -25.35 7.47
13.02 -25.52 7.48
12.84 -25.56 7.49
12.86 -25.68 7.50
12.68 -25.48 7.50
12.47 -25.34 7.51
12.30 -25.18 7.52
12.18 -25.13 7.53
12.30 -25.33 7.54
12.38 -25.48 7.55
12.65 -25.82 7.55
12.52 -25.67 7.55
12.03 -25.52 7.55
11.56 -25.24 7.56
11.63 -25.43 7.57
11.69 -25.72 7.58
11.61 -25.86 7.59
11.45 -25.88 7.60
11.36 -26.00 7.60
11.36 -25.91 7.60
11.26 -25.87 7.60
11.15 -25.65 7.60
11.09 -25.43 7.59
10.73 -25.69 7.59
10.34 -25.88 7.59
10.14 -25.91 7.59
9.66 -25.96 7.59
9.52 -26.00 7.60
9.30 -25.95 7.60
9.24 -25.84 7.60
9.17 -25.96 7.61
8.90 -26.18 7.61
8.78 -26.32 7.62
8.65 -26.39 7.63
8.58 -26.48 7.64
8.31 -26.64 7.65
8.33 -26.59 7.65
8.37 -26.53 7.65
8.04 -26.74 7.66
7.42 -26.00 7.64
7.30 -26.08 7.66
7.53 -26.40 7.66
7.53 -26.44 7.67
7.69 -26.31 7.68
7.69 -26.39 7.70
8.03 -26.34 7.74
8.23 -26.31 7.76
8.61 -26.95 7.78
9.16 -27.07 7.79
9.48 -26.84 7.81
9.92 -26.98 7.85
10.37 -26.98 7.89
10.75 -27.16 7.91
11.60 -27.51 7.96
12.24 -27.27 7.99
12.93 -27.50 8.03
13.48 -27.44 8.06
13.84 -27.54 8.09
14.37 -27.60 8.12
14.88 -27.50 8.15
15.78 -27.43 8.20
16.65 -27.34 8.23
17.31 -27.30 8.26
17.61 -26.98 8.29
17.88 -26.92 8.31
17.94 -27.26 8.33
17.83 -27.52 8.34
17.62 -27.48 8.35
17.27 -27.67 8.36
17.12 -27.95 8.37
16.77 -28.10 8.40
16.31 -28.11 8.42
15.69 -27.99 8.44
14.97 -28.16 8.46
14.36 -28.08 8.48
13.72 -28.06 8.49
12.80 -27.75 8.48
12.22 -28.18 8.53
11.55 -28.04 8.57
10.57 -28.03 8.56
9.84 -28.08 8.56
9.39 -28.04 8.56
8.69 -28.06 8.55
8.08 -28.16 8.57
7.32 -28.26 8.57
6.72 -28.11 8.59
6.35 -28.00 8.61
6.17 -28.21 8.63
6.31 -28.41 8.64
6.62 -28.47 8.66
6.73 -28.39 8.68
6.58 -28.24 8.69
6.60 -28.12 8.71
6.71 -28.32 8.73
6.86 -28.44 8.75
7.19 -28.78 8.78
7.21 -29.09 8.79
7.33 -28.86 8.81
7.52 -28.68 8.82
7.37 -28.67 8.83
7.28 -28.71 8.83
7.62 -28.85 8.83
7.59 -28.49 8.83
7.83 -29.03 8.91
7.76 -28.93 8.99
7.73 -28.81 9.00
7.74 -28.94 9.00
8.06 -29.11 9.01
7.89 -28.89 9.03
7.76 -28.89 9.02
7.45 -29.08 9.02
6.87 -29.13 9.02
6.55 -29.16 9.02
6.34 -29.03 9.02
5.95 -28.90 9.00
4.91 -29.15 9.00
4.38 -29.20 9.00
3.84 -28.90 9.00
3.35 -28.68 8.99
2.77 -28.95 8.99
1.93 -29.04 8.97
1.11 -29.16 8.96
0.11 -28.91 8.92
-0.45 -28.95 8.91
-0.93 -28.89 8.86
-1.29 -29.39 8.82
-2.61 -29.57 8.81
-3.38 -29.66 8.80
-3.88 -29.64 8.79
-5.00 -29.51 8.78
-5.39 -29.63 8.77
-5.94 -29.79 8.76
-6.62 -29.74 8.76
-7.19 -29.66 8.75
-7.89 -29.77 8.74
-8.57 -29.88 8.74
-9.04 -29.90 8.74
-9.70 -29.94 8.74
-10.30 -30.18 8.74
-10.68 -29.91 8.74
-11.03 -29.96 8.74
-11.68 -29.94 8.73
-12.60 -30.19 8.72
-13.09 -30.07 8.71
-13.86 -30.01 8.70
-14.53 -30.27 8.70
-14.78 -30.17 8.72
-15.33 -30.41 8.72
-15.56 -30.30 8.72
-16.08 -30.41 8.74
-16.36 -30.31 8.75
-16.39 -30.34 8.77
-16.62 -30.62 8.79
-16.82 -30.72 8.80
-16.87 -30.74 8.81
-16.72 -30.77 8.83
-16.32 -30.59 8.85
-15.59 -29.88 8.86
-15.83 -30.07 8.85
-16.06 -30.44 8.86
-15.81 -30.33 8.87
-15.42 -30.42 8.89
-15.16 -30.55 8.92
-14.95 -30.56 8.93
-14.65 -30.50 8.95
-14.42 -30.62 8.99
-14.15 -30.61 9.01
-13.99 -30.80 9.03
-13.83 -30.80 9.05
-13.64 -30.70 9.08
-13.20 -31.08 9.11
-13.00 -30.95 9.13
-13.07 -30.68 9.14
-12.57 -30.94 9.16
-12.44 -31.05 9.17
-12.40 -30.91 9.19
-12.29 -30.92 9.21
-12.16 -31.06 9.21
-11.95 -31.22 9.23
-11.85 -31.26 9.25
-11.81 -31.26 9.26
-11.77 -31.22 9.28
-11.75 -31.25 9.30
-11.97 -31.27 9.31
-12.14 -31.31 9.33
-12.18 -31.50 9.34
-12.29 -31.55 9.35
-12.36 -31.52 9.36
-12.57 -31.76 9.36
-12.85 -31.72 9.37
-13.23 -31.58 9.38
-13.46 -31.48 9.39
-13.63 -31.56 9.40
-13.61 -31.68 9.41
-13.70 -32.03 9.41
-13.83 -32.06 9.43
-13.77 -32.03 9.44
-14.28 -32.17 9.45
-14.33 -32.27 9.47
-14.52 -32.30 9.48
-14.50 -32.26 9.50
-14.54 -32.42 9.52
-14.78 -32.38 9.54
-14.69 -32.55 9.55
-14.69 -32.59 9.56
-14.80 -32.55 9.58
-14.74 -32.62 9.60
-14.53 -32.34 9.62
-14.22 -32.51 9.64
-13.86 -32.45 9.66
-13.82 -32.62 9.68
-13.17 -32.43 9.70
-12.74 -32.43 9.73
-12.18 -32.42 9.75
-11.57 -32.31 9.78
-11.32 -32.52 9.80
-10.89 -32.65 9.82
-10.62 -32.69 9.84
-9.74 -32.40 9.88
-9.13 -32.52 9.92
-8.75 -32.46 9.95
-8.02 -32.63 9.98
-7.46 -32.72 10.01
-7.10 -32.74 10.04
-6.58 -33.05 10.07
-5.92 -33.17 10.10
-5.39 -33.13 10.12
-4.76 -33.28 10.14
-4.06 -33.35 10.17
-3.61 -33.14 10.23
-3.08 -33.12 10.28
-2.64 -33.02 10.32
-2.26 -32.95 10.35
-1.84 -33.02 10.36
-1.53 -33.04 10.39
-1.24 -33.12 10.41
-1.17 -33.27 10.42
-0.99 -33.49 10.44
-1.03 -33.53 10.44
-1.36 -33.34 10.46
-1.37 -33.48 10.47
-1.60 -33.46 10.47
-1.86 -33.40 10.47
-1.87 -33.67 10.47
-2.53 -33.33 10.46
-2.96 -33.34 10.46
-3.35 -33.38 10.44
-3.50 -33.63 10.45
-3.85 -33.50 10.50
-3.82 -33.71 10.52
-3.74 -33.81 10.53
-3.89 -33.76 10.55
-3.80 -34.21 10.56
-3.81 -33.85 10.59
-3.64 -34.06 10.60
-3.76 -34.25 10.63
-3.14 -33.95 10.65
-2.12 -33.96 10.68
-1.09 -33.68 10.72
-0.04 -33.50 10.75
0.47 -33.39 10.74
0.48 -34.19 10.75
0.30 -34.57 10.76
0.51 -34.39 10.77
0.69 -34.30 10.78
0.77 -34.47 10.79
0.72 -34.53 10.81
0.52 -34.87 10.83
0.43 -35.05 10.85
0.90 -34.82 10.88
0.97 -34.81 10.90
0.58 -34.97 10.92
0.60 -34.88 10.95
0.97 -34.50 10.97
1.06 -34.49 10.98
1.25 -34.61 10.99
1.55 -34.68 11.00
1.75 -34.76 11.01
2.05 -35.03 11.04
2.38 -34.80 11.07
2.71 -34.95 11.05
3.36 -35.07 11.07
3.77 -35.21 11.09
4.50 -35.08 11.11
4.94 -35.21 11.13
5.47 -35.27 11.14
5.90 -35.32 11.15
6.35 -35.38 11.17
6.54 -34.71 11.19
7.31 -35.01 11.18
7.90 -35.12 11.18
8.33 -35.41 11.19
8.73 -35.04 11.21
9.20 -35.29 11.32
9.69 -35.56 11.34
10.11 -35.20 11.36
10.53 -35.54 11.34
10.93 -35.34 11.35
11.20 -35.52 11.37
11.49 -35.74 11.39
11.39 -35.60 11.40
11.52 -35.78 11.42
12.20 -36.55 11.47
12.42 -36.12 11.42
12.61 -36.01 11.42
12.94 -35.97 11.44
13.46 -36.04 11.46
13.83 -36.02 11.49
14.17 -36.05 11.51
14.42 -35.98 11.52
15.05 -36.21 11.55
15.48 -36.19 11.56
16.01 -36.33 11.58
16.73 -36.41 11.60
17.17 -36.30 11.63
17.48 -36.32 11.65
17.92 -36.33 11.66
18.31 -36.22 11.67
18.74 -36.20 11.68
18.94 -36.20 11.69
19.11 -36.15 11.69
18.85 -36.43 11.70
18.46 -36.66 11.72
18.47 -36.57 11.75
18.52 -36.60 11.77
18.49 -36.59 11.80
18.65 -36.75 11.82
18.99 -36.93 11.85
19.17 -37.01 11.86
19.43 -36.96 11.88
19.59 -37.03 11.88
19.63 -37.30 11.91
20.43 -36.84 11.92
20.40 -37.38 11.93
21.13 -37.13 11.94
21.25 -37.38 11.96
21.59 -37.44 11.98
21.82 -37.46 12.00
22.24 -37.39 12.02
22.39 -37.34 12.03
22.82 -37.55 12.05
23.22 -37.54 12.07
23.35 -37.62 12.09
23.58 -37.72 12.11
23.88 -37.79 12.13
23.94 -37.82 12.15
23.99 -37.86 12.17
23.94 -37.86 12.18
23.55 -37.77 12.18
23.83 -37.93 12.20
23.59 -37.66 12.22
23.74 -37.66 12.24
23.71 -37.50 12.26
24.31 -37.91 12.27
24.73 -38.13 12.28
24.30 -37.53 12.30
24.39 -37.56 12.33
24.88 -37.89 12.36
25.11 -38.11 12.38
25.26 -38.20 12.40
25.27 -38.22 12.42
25.59 -38.09 12.42
26.08 -38.22 12.43
26.08 -38.22 12.44
25.99 -38.24 12.44
25.96 -38.23 12.41
25.65 -38.26 12.40
25.46 -38.33 12.42
25.17 -38.51 12.44
25.02 -38.54 12.46
24.89 -38.59 12.47
24.80 -38.58 12.48
24.67 -38.60 12.49
24.55 -38.65 12.50
24.49 -38.68 12.51
24.48 -38.57 12.53
24.68 -38.38 12.56
24.76 -38.37 12.55
24.65 -38.41 12.57
23.86 -39.13 12.63
24.28 -38.84 12.61
23.75 -38.99 12.57
23.18 -39.24 12.58
22.75 -39.01 12.58
22.27 -38.75 12.59
21.98 -38.69 12.61
21.73 -38.74 12.63
21.56 -38.78 12.63
21.52 -38.78 12.65
21.52 -38.85 12.66
21.30 -38.76 12.68
21.43 -38.90 12.69
21.67 -39.13 12.71
22.00 -39.52 12.73
22.38 -39.66 12.76
22.61 -39.84 12.78
22.94 -39.59 12.80
22.79 -39.72 12.81
22.86 -39.59 12.81
22.81 -39.51 12.83
22.59 -39.40 12.84
22.60 -39.26 12.85
22.47 -39.32 12.86
21.99 -39.82 12.88
22.37 -39.44 12.89
22.43 -39.34 12.90
22.33 -39.64 12.90
22.21 -39.74 12.91
22.28 -39.63 12.91
21.95 -39.89 12.92
21.60 -39.97 12.90
21.41 -40.16 12.91
21.06 -40.21 12.92
20.75 -40.32 12.93
20.64 -40.27 12.94
20.43 -39.94 12.95
19.74 -40.06 12.95
19.51 -40.01 12.96
19.30 -39.98 12.97
19.01 -39.76 12.98
18.70 -39.73 13.00
18.78 -39.89 13.02
19.00 -40.14 13.04
19.00 -40.14 13.05
19.05 -40.16 13.07
19.18 -40.44 13.09
19.39 -40.66 13.11
19.50 -40.86 13.11
19.64 -40.84 13.13
19.78 -40.70 13.15
19.77 -40.58 13.16
19.54 -40.61 13.17
19.34 -40.70 13.19
19.15 -40.73 13.20
18.98 -40.85 13.21
18.75 -40.95 13.22
18.63 -40.97 13.24
18.62 -40.96 13.25
18.61 -40.84 13.26
18.63 -40.94 13.28
18.58 -41.02 13.28
18.55 -40.98 13.30
18.41 -41.15 13.31
18.31 -41.23 13.32
18.20 -41.38 13.33
18.10 -41.41 13.34
18.04 -41.53 13.36
17.77 -41.74 13.38
17.48 -41.55 13.38
16.81 -40.99 13.38
17.53 -41.76 13.35
17.01 -41.45 13.34
16.70 -41.17 13.36
17.02 -41.69 13.38
17.07 -41.89 13.40
17.16 -41.96 13.41
16.49 -41.25 13.46
16.60 -41.17 13.51
16.93 -41.19 13.54
17.50 -41.34 13.56
18.41 -41.93 13.59
18.98 -41.86 13.60
19.43 -42.36 13.63
20.04 -41.81 13.64
20.70 -42.14 13.67
21.18 -42.12 13.69
21.68 -42.04 13.72
22.25 -41.94 13.74
22.51 -41.67 13.76
22.89 -41.74 13.80
23.13 -41.71 13.82
23.44 -41.95 13.84
23.47 -41.72 13.86
23.47 -42.06 13.88
23.31 -42.09 13.90
23.61 -42.31 13.92
23.38 -42.42 13.94
23.13 -42.71 13.96
22.98 -43.07 13.97
22.69 -42.80 13.99
22.56 -42.65 14.01
22.66 -42.68 14.02
22.53 -42.41 14.03
22.88 -42.64 14.04
22.86 -42.55 14.06
22.83 -42.40 14.08
23.14 -42.67 14.12
23.66 -42.97 14.12
24.07 -43.27 14.13
24.63 -43.56 14.14
25.09 -43.29 14.13
25.05 -43.49 14.12
25.25 -43.27 14.13
25.39 -43.30 14.18
25.68 -43.10 14.18
25.69 -43.16 14.20
25.81 -43.12 14.21
25.91 -43.19 14.22
25.84 -43.35 14.24
25.88 -43.38 14.26
26.03 -43.37 14.28
26.07 -43.35 14.30
25.89 -43.47 14.31
25.34 -43.59 14.32
24.94 -44.22 14.32
24.62 -44.29 14.34
24.13 -44.03 14.35
24.04 -44.14 14.37
23.70 -43.96 14.39
23.58 -43.99 14.40
23.55 -44.00 14.42
23.56 -44.13 14.43
23.61 -44.17 14.44
24.25 -44.52 14.44
23.44 -43.78 14.45
23.41 -43.63 14.47
23.69 -43.83 14.49
24.05 -44.05 14.50
24.62 -44.50 14.52
24.99 -44.64 14.55
25.26 -44.53 14.56
25.40 -44.48 14.57
25.76 -44.18 14.59
25.96 -43.78 14.60
25.51 -44.37 14.61
25.50 -44.37 14.63
25.15 -44.73 14.65
25.41 -44.54 14.67
25.66 -44.38 14.69
26.02 -44.25 14.69
26.02 -44.30 14.70
25.98 -44.36 14.72
25.96 -44.49 14.76
25.73 -44.49 14.77
25.15 -45.21 14.81
24.36 -45.11 14.80
23.53 -44.62 14.80
23.09 -44.28 14.80
22.94 -44.35 14.81
22.86 -44.40 14.82
23.15 -44.68 14.83
22.98 -44.52 14.84
23.00 -44.35 14.84
23.30 -44.55 14.85
24.26 -45.42 14.87
25.06 -45.66 14.90
25.64 -45.53 14.92
26.18 -45.17 14.95
26.66 -44.82 14.96
26.63 -44.81 14.97
26.62 -44.76 14.99
26.04 -45.36 15.01
26.21 -45.29 15.03
26.37 -45.09 15.04
26.31 -45.07 15.04
25.88 -45.45 15.05
25.56 -45.60 15.05
25.25 -45.68 15.05
24.64 -46.01 15.06
24.39 -46.24 15.07
23.88 -45.78 15.09
23.29 -45.84 15.10
22.62 -45.19 15.11
22.76 -45.42 15.13
22.63 -45.34 15.15
23.05 -45.72 15.16
23.23 -45.94 15.17
22.84 -45.57 15.18
22.64 -45.31 15.19
23.02 -45.54 15.21
23.77 -46.11 15.23
24.47 -46.67 15.25
25.12 -46.64 15.26
25.68 -46.19 15.28
26.04 -45.85 15.30
26.23 -45.85 15.31
26.23 -45.70 15.32
25.74 -46.38 15.34
25.90 -46.31 15.35
26.12 -46.13 15.37
26.03 -46.23 15.38
25.82 -46.28 15.38
25.59 -46.43 15.39
24.87 -46.97 15.40
24.33 -47.00 15.41
23.64 -46.91 15.42
22.71 -46.21 15.43
22.94 -46.54 15.44
22.84 -46.51 15.45
23.10 -46.84 15.46
22.90 -46.55 15.48
23.18 -46.89 15.49
22.87 -46.62 15.51
22.76 -46.46 15.52
23.27 -46.92 15.55
23.48 -47.06 15.57
23.86 -47.37 15.58
24.31 -47.71 15.60
24.55 -47.42 15.62
24.59 -47.25 15.63
24.66 -47.24 15.64
24.64 -47.02 15.65
24.67 -46.89 15.66
24.20 -47.45 15.67
23.91 -47.78 15.69
24.43 -47.10 15.70
24.33 -47.19 15.72
24.22 -47.35 15.73
23.91 -47.69 15.73
23.53 -47.81 15.74
23.27 -48.12 15.75
23.00 -48.06 15.74
22.46 -47.93 15.75
22.07 -47.65 15.77
21.60 -47.52 15.78
21.41 -47.40 15.80
21.20 -47.26 15.81
22.09 -48.33 15.83
21.63 -47.85 15.84
21.31 -47.31 15.86
21.51 -47.54 15.88
22.05 -47.84 15.91
22.71 -48.45 15.92
23.23 -48.47 15.94
23.74 -48.77 15.95
24.27 -48.69 15.98
24.57 -48.65 16.00
24.97 -48.47 16.02
25.11 -48.36 16.03
25.24 -48.41 16.05
25.49 -48.34 16.10
25.49 -48.54 16.10
25.57 -48.28 16.12
25.74 -48.26 16.14
25.82 -48.50 16.15
25.72 -48.63 16.17
25.80 -48.77 16.19
25.52 -48.88 16.20
25.29 -49.32 16.21
25.31 -49.31 16.22
25.15 -49.47 16.23
24.99 -49.68 16.24
24.80 -49.10 16.26
24.60 -49.27 16.28
23.96 -48.61 16.29
24.37 -48.88 16.30
24.58 -48.94 16.32
24.70 -48.93 16.33
24.49 -48.63 16.35
24.85 -48.83 16.37
25.28 -49.18 16.38
25.87 -49.39 16.40
26.44 -49.82 16.42
27.16 -49.89 16.45
27.52 -49.67 16.46
27.86 -49.57 16.48
28.05 -49.55 16.51
28.37 -49.38 16.49
28.39 -49.35 16.50
28.54 -49.40 16.53
28.63 -49.55 16.58
28.66 -49.72 16.60
28.79 -49.75 16.61
28.86 -49.74 16.62
28.91 -49.63 16.64
28.54 -49.90 16.66
28.17 -50.04 16.68
27.59 -50.41 16.71
26.89 -50.47 16.73
26.50 -50.34 16.74
26.23 -50.29 16.75
25.95 -50.12 16.76
25.68 -49.90 16.77
25.87 -50.05 16.79
26.72 -50.82 16.80
26.21 -50.36 16.81
25.98 -50.06 16.83
26.18 -50.02 16.84
26.74 -50.59 16.88
26.84 -50.41 16.89
27.88 -51.12 16.94
28.25 -50.92 16.94
28.58 -50.89 16.96
28.97 -50.69 16.94
29.16 -50.64 16.95
29.40 -50.51 16.97
29.47 -50.54 16.99
29.10 -50.95 17.01
29.23 -50.94 17.03
29.44 -50.78 17.05
29.55 -50.67 17.06
29.34 -50.70 17.06
29.00 -51.03 17.07
28.55 -51.04 17.11
28.15 -51.40 17.14
27.26 -51.35 17.16
26.60 -50.97 17.17
26.21 -50.75 17.19
26.01 -50.65 17.20
27.14 -51.78 17.20
26.70 -51.41 17.22
26.51 -51.27 17.23
26.40 -51.03 17.25
26.80 -51.26 17.27
27.29 -51.56 17.29
27.94 -51.99 17.30
28.41 -52.12 17.27
28.56 -52.27 17.30
29.04 -52.06 17.32
29.38 -51.88 17.34
29.64 -51.77 17.36
29.72 -51.74 17.38
29.83 -51.72 17.39
29.71 -51.86 17.40
29.27 -52.32 17.42
29.25 -52.43 17.44
29.42 -52.35 17.45
29.59 -52.19 17.46
29.59 -52.15 17.48
29.42 -52.27 17.49
29.34 -52.23 17.50
29.43 -52.12 17.50
29.25 -52.19 17.52
29.09 -52.13 17.53
28.67 -52.57 17.54
27.87 -52.76 17.54
27.23 -52.36 17.59
26.91 -52.26 17.60
26.60 -52.17 17.62
26.54 -52.24 17.64
26.55 -52.36 17.65
27.20 -52.96 17.66
27.31 -53.21 17.66
27.35 -53.07 17.68
27.30 -53.25 17.69
27.41 -53.30 17.71
27.42 -53.31 17.73
27.43 -53.39 17.74
27.42 -53.45 17.76
27.45 -53.51 17.78
27.46 -53.49 17.80
27.49 -53.54 17.81
27.51 -53.58 17.82
27.52 -53.60 17.84
27.52 -53.65 17.85
27.54 -53.70 17.86
27.56 -53.75 17.88
27.56 -53.78 17.89
27.59 -53.82 17.91
27.60 -53.84 17.92
27.61 -53.90 17.94
27.63 -53.94 17.95
27.64 -53.95 17.97
27.66 -54.00 17.98
27.67 -54.04 17.99
27.70 -54.08 18.01
27.71 -54.12 18.02
27.73 -54.12 18.04
27.74 -54.19 18.05
27.76 -54.22 18.07
27.76 -54.27 18.08
27.76 -54.31 18.09
27.30 -53.90 18.11
27.28 -53.81 18.12
27.42 -53.91 18.14
27.34 -53.77 18.17
27.00 -53.32 18.19
27.24 -53.39 18.19
27.88 -53.76 18.23
28.85 -54.48 18.26
29.43 -54.50 18.29
30.07 -54.17 18.31
30.44 -53.97 18.32
30.79 -53.67 18.33
30.86 -53.63 18.33
30.78 -53.65 18.34
30.36 -54.07 18.35
29.82 -54.61 18.36
29.58 -54.81 18.38
29.44 -54.84 18.40
29.39 -54.93 18.42
29.26 -55.03 18.44
29.25 -55.02 18.45
29.40 -55.12 18.47
29.30 -55.20 18.48
29.31 -55.19 18.49
29.34 -55.26 18.51
29.33 -55.27 18.52
29.31 -55.27 18.54
29.29 -55.37 18.55
29.29 -55.46 18.57
29.30 -55.50 18.58
29.31 -55.53 18.59
29.36 -55.58 18.61
29.38 -55.61 18.63
29.39 -55.65 18.64
29.41 -55.71 18.66
29.54 -55.57 18.68
29.51 -55.65 18.69
29.63 -55.58 18.71
29.73 -55.55 18.72
29.84 -55.50 18.74
29.96 -55.46 18.75
30.16 -55.28 18.77
30.07 -55.38 18.78
29.78 -55.68 18.79
29.69 -55.79 18.80
29.38 -55.98 18.77
29.23 -56.14 18.77
28.82 -55.94 18.83
28.81 -56.14 18.83
28.61 -56.09 18.85
28.33 -55.83 18.86
28.17 -55.86 18.86
28.03 -55.69 18.87
28.04 -56.02 18.89
28.14 -56.19 18.90
28.03 -56.16 18.91
27.98 -56.18 18.92
27.96 -56.20 18.93
28.19 -56.44 18.95
28.33 -56.58 18.96
28.35 -56.63 18.97
28.37 -56.65 18.98
28.36 -56.69 19.00
28.40 -56.72 19.01
28.41 -56.79 19.03
28.41 -56.82 19.04
28.43 -56.84 19.06
28.40 -56.87 19.07
28.27 -56.76 19.08
28.39 -56.87 19.10
28.41 -56.85 19.12
28.25 -56.74 19.14
28.20 -56.68 19.16
28.42 -56.89 19.17
28.39 -56.80 19.19
28.52 -56.87 19.21
28.82 -57.12 19.25
28.79 -57.04 19.27
29.09 -57.28 19.30
29.25 -57.30 19.34
29.26 -57.30 19.37
29.30 -57.38 19.36
29.53 -57.11 19.34
29.55 -57.05 19.36
29.56 -57.03 19.37
29.62 -56.96 19.38
29.42 -57.10 19.41
29.28 -57.20 19.42
28.96 -57.52 19.44
28.79 -57.65 19.45
29.22 -57.35 19.47
29.39 -57.43 19.49
29.49 -57.48 19.50
29.56 -57.48 19.52
29.65 -57.48 19.54
29.83 -57.52 19.55
29.84 -57.52 19.56
29.67 -57.76 19.61
29.65 -57.92 19.61
29.76 -57.82 19.60
29.31 -58.06 19.64
29.29 -58.17 19.64
29.06 -58.12 19.66
28.91 -57.82 19.67
28.54 -58.01 19.69
28.41 -58.04 19.70
28.24 -58.02 19.72
28.40 -58.13 19.73
28.30 -58.17 19.74
28.23 -58.14 19.75
28.22 -58.19 19.77
28.62 -58.56 19.78
28.47 -58.46 19.79
28.40 -58.34 19.80
28.67 -58.47 19.82
28.49 -58.26 19.83
28.53 -58.28 19.85
28.69 -58.41 19.86
28.79 -58.44 19.88
28.79 -58.41 19.91
29.14 -58.72 19.91
29.52 -59.09 19.94
29.65 -59.09 19.96
29.72 -59.10 19.97
29.93 -59.03 19.98
30.23 -58.94 19.99
30.41 -58.89 20.02
30.70 -58.57 20.06
30.46 -58.67 20.06
30.06 -58.96 20.08
30.23 -58.76 20.10
29.59 -59.22 20.12
29.54 -59.40 20.13
29.33 -59.62 20.15
29.56 -59.44 20.18
29.73 -59.31 20.19
29.71 -59.46 20.22
29.68 -59.33 20.22
29.66 -59.45 20.22
29.52 -59.50 20.23
29.50 -59.44 20.23
29.37 -59.55 20.24
29.18 -59.84 20.25
29.12 -59.87 20.25
29.03 -59.78 20.25
28.86 -59.91 20.26
28.59 -59.84 20.27
28.31 -59.99 20.29
28.12 -59.93 20.30
27.87 -59.71 20.31
27.67 -59.63 20.32
27.71 -59.84 20.32
27.47 -59.75 20.32
27.50 -59.84 20.33
27.39 -59.83 20.34
27.55 -60.08 20.35
27.59 -60.13 20.36
27.27 -59.85 20.39
27.10 -59.68 20.43
27.23 -59.85 20.48
27.45 -60.12 20.51
27.44 -60.09 20.54
27.61 -60.15 20.56
27.86 -60.31 20.59
28.11 -60.72 20.59
28.20 -60.63 20.61
28.07 -60.55 20.64
28.22 -60.32 20.65
28.06 -60.14 20.66
27.69 -60.03 20.68
27.20 -60.11 20.68
26.83 -60.27 20.66
26.64 -60.47 20.68
26.42 -60.71 20.71
26.24 -61.09 20.74
26.30 -61.05 20.76
26.42 -61.12 20.78
26.53 -61.01 20.79
26.30 -61.06 20.80
26.41 -60.89 20.82
26.75 -61.04 20.84
27.10 -61.07 20.86
27.53 -61.22 20.88
27.56 -61.27 20.94
28.04 -61.05 20.94
28.37 -61.55 20.94
28.70 -61.50 20.92
29.07 -61.20 20.93
29.54 -61.45 20.98
29.56 -61.69 20.99
30.05 -61.50 21.00
30.32 -61.57 21.02
30.69 -61.26 21.03
30.47 -61.62 21.07
30.59 -61.44 21.09
30.58 -61.48 21.11
30.64 -61.38 21.13
30.46 -61.66 21.14
30.20 -61.77 21.15
29.89 -62.04 21.17
29.95 -61.84 21.20
29.64 -62.09 21.21
29.37 -62.12 21.22
29.08 -62.10 21.22
29.00 -62.19 21.22
28.77 -62.21 21.24
28.65 -62.19 21.25
28.58 -62.07 21.26
28.12 -62.09 21.27
28.02 -62.11 21.26
27.79 -62.18 21.27
27.76 -62.23 21.28
27.74 -62.37 21.30
27.69 -62.42 21.31
27.80 -62.63 21.32
27.80 -62.64 21.34
27.76 -62.67 21.35
27.64 -62.56 21.37
27.48 -62.39 21.38
27.20 -62.40 21.39
26.81 -62.44 21.40
26.33 -62.36 21.43
25.99 -62.79 21.45
25.41 -62.75 21.45
24.55 -62.84 21.45
24.02 -63.00 21.45
23.50 -62.87 21.46
22.67 -62.86 21.48
22.04 -62.54 21.48
21.72 -62.55 21.50
21.68 -63.06 21.50
21.74 -62.73 21.52
21.67 -62.60 21.53
21.93 -63.04 21.55
22.36 -63.27 21.57
22.37 -63.24 21.58
22.32 -63.03 21.60
22.11 -62.49 21.60
22.77 -62.65 21.62
24.01 -63.13 21.65
24.95 -63.29 21.67
25.73 -63.39 21.70
26.88 -63.28 21.72
28.15 -63.26 21.75
29.24 -63.62 21.78
30.30 -63.43 21.81
31.31 -63.69 21.84
32.20 -63.60 21.86
33.04 -63.41 21.88
33.42 -63.73 21.89
34.01 -63.58 21.90
34.29 -63.69 21.91
34.72 -63.52 21.94
34.82 -63.91 21.93
34.93 -64.24 21.95
35.45 -64.11 21.96
36.03 -64.02 21.98
36.15 -64.10 22.00
36.50 -64.19 22.01
36.78 -64.37 22.04
37.14 -64.34 22.06
37.43 -64.41 22.08
37.72 -64.41 22.10
38.08 -64.35 22.11
37.99 -64.30 22.13
37.99 -64.40 22.15
37.90 -64.43 22.16
37.98 -64.51 22.17
38.05 -64.44 22.19
38.09 -64.69 22.21
38.19 -64.81 22.22
38.28 -64.89 22.23
38.29 -64.93 22.24
38.26 -64.96 22.26
38.26 -65.04 22.28
38.20 -65.08 22.30
38.22 -65.10 22.32
38.18 -65.08 22.33
38.05 -65.15 22.35
38.00 -65.23 22.37
38.03 -65.24 22.39
38.02 -65.31 22.41
38.02 -65.35 22.43
38.02 -65.39 22.44
38.01 -65.44 22.46
37.99 -65.48 22.47
38.00 -65.53 22.49
37.91 -65.23 22.51
37.72 -64.70 22.55
37.37 -64.42 22.55
36.20 -64.39 22.55
34.29 -64.37 22.55
31.67 -65.07 22.54
28.87 -63.90 22.55
27.79 -63.67 22.56
28.62 -64.30 22.58
29.46 -65.12 22.59
30.67 -65.24 22.61
31.86 -65.55 22.65
34.39 -65.62 22.71
36.07 -65.28 22.73
37.10 -64.55 22.74
36.71 -64.48 22.78
35.19 -64.54 22.81
32.58 -64.48 22.78
30.20 -63.42 22.77
31.02 -65.42 22.80
30.80 -64.73 22.83
32.51 -65.60 22.86
34.35 -65.51 22.90
35.46 -65.44 22.91
35.97 -65.71 22.93
36.93 -65.57 22.94
37.34 -65.87 22.96
38.18 -65.71 22.97
38.47 -65.99 22.98
38.59 -66.23 23.00
38.83 -66.21 23.02
38.95 -66.29 23.04
39.01 -66.07 23.06
38.94 -66.45 23.08
38.98 -66.40 23.09
39.00 -66.51 23.10
38.72 -65.99 23.12
38.44 -65.10 23.17
37.38 -64.44 23.16
34.47 -65.30 23.16
30.51 -65.25 23.17
29.04 -64.69 23.18
29.70 -65.54 23.18
30.62 -65.60 23.20
32.36 -66.06 23.18
34.80 -66.82 23.18
36.87 -66.50 23.16
37.85 -66.33 23.17
38.32 -66.36 23.17
37.30 -67.04 23.16
37.73 -65.87 23.21
36.71 -65.38 23.24
34.50 -66.05 23.25
30.70 -66.13 23.25
29.27 -65.23 23.27
30.13 -65.64 23.18
30.94 -65.80 23.18
32.95 -66.15 23.18
35.91 -67.19 23.18
38.12 -66.88 23.18
39.08 -66.88 23.17
39.78 -66.89 23.14
39.55 -67.62 23.09
39.48 -67.78 23.11
40.03 -67.61 23.13
39.90 -67.29 23.16
39.56 -67.23 23.15
39.71 -67.57 23.17
39.76 -67.78 23.19
39.74 -67.81 23.20
39.78 -67.82 23.22
39.74 -67.81 23.24
39.63 -67.79 23.25
39.45 -67.60 23.27
39.24 -67.60 23.29
38.73 -67.92 23.31
38.23 -68.00 23.32
37.71 -68.00 23.33
37.35 -68.00 23.34
37.15 -68.05 23.35
37.04 -68.03 23.35
37.08 -67.98 23.36
37.20 -67.56 23.35
37.16 -67.56 23.36
38.11 -67.74 23.40
38.90 -67.86 23.43
39.75 -68.56 23.46
41.03 -68.37 23.49
41.33 -68.82 23.52
41.26 -69.21 23.58
41.88 -68.56 23.58
41.33 -69.23 23.53
41.00 -68.88 23.50
40.98 -68.85 23.52
41.13 -69.00 23.53
40.88 -68.54 23.55
40.72 -68.64 23.57
40.60 -68.60 23.59
40.13 -68.36 23.60
39.82 -68.11 23.62
39.44 -68.22 23.64
38.77 -67.98 23.65
38.00 -68.41 23.65
36.95 -68.57 23.70
35.76 -68.00 23.71
35.02 -67.62 23.77
34.73 -67.68 23.78
34.90 -67.86 23.79
35.93 -67.62 23.65
36.72 -68.99 23.64
37.63 -69.50 23.65
38.89 -69.41 23.68
39.45 -68.44 23.69
39.20 -68.38 23.68
38.42 -68.63 23.69
37.87 -68.33 23.73
37.21 -68.29 23.76
37.00 -68.98 23.77
36.29 -68.36 23.81
35.94 -67.65 23.82
36.36 -67.74 23.84
36.49 -68.03 23.85
37.18 -68.98 23.85
37.94 -69.69 23.90
38.90 -69.34 23.90
39.17 -68.62 23.91
38.80 -69.19 23.92
37.93 -68.92 23.96
37.77 -69.52 24.00
37.62 -70.02 24.01
37.70 -69.57 23.97
36.82 -68.65 23.99
36.03 -68.06 24.01
36.71 -67.90 24.03
36.61 -68.62 24.04
37.69 -70.31 24.08
38.93 -69.57 24.13
39.28 -69.02 24.14
38.52 -69.32 24.15
38.11 -69.02 24.19
37.44 -69.08 24.16
36.27 -70.13 24.19
35.56 -69.66 24.20
35.12 -68.57 24.20
34.79 -68.63 24.22
35.30 -68.78 24.24
35.56 -69.11 24.26
36.32 -70.66 24.30
37.67 -71.00 24.33
38.91 -71.32 24.31
39.23 -71.79 24.29
39.92 -71.53 24.25
40.24 -71.15 24.24
40.71 -71.04 24.22
40.69 -70.83 24.20
40.44 -71.49 24.20
40.45 -71.45 24.22
40.57 -71.03 24.24
40.77 -70.48 24.26
40.22 -70.69 24.27
39.49 -71.03 24.27
38.90 -71.06 24.28
38.52 -70.98 24.28
38.10 -70.92 24.29
37.18 -70.59 24.31
36.04 -70.39 24.31
35.22 -70.27 24.35
34.97 -71.23 24.35
34.31 -71.34 24.34
33.52 -71.13 24.36
32.88 -71.14 24.32
32.37 -70.44 24.32
31.82 -70.39 24.32
31.53 -70.24 24.33
31.48 -70.08 24.34
31.77 -70.25 24.36
32.46 -70.38 24.38
32.98 -70.56 24.41
33.63 -70.78 24.45
33.95 -70.99 24.47
34.11 -71.09 24.49
34.14 -71.46 24.50
34.58 -71.80 24.53
35.17 -71.66 24.53
36.12 -71.51 24.64
35.95 -71.84 24.65
35.89 -71.47 24.68
36.04 -71.30 24.70
36.04 -71.30 24.72
36.02 -71.24 24.74
35.95 -71.39 24.76
35.89 -71.64 24.77
36.01 -71.95 24.79
36.29 -72.51 24.80
36.26 -72.41 24.81
36.10 -72.35 24.82
36.09 -72.47 24.84
35.96 -72.27 24.85
35.88 -72.12 24.86
35.53 -71.64 24.87
35.08 -71.32 24.86
34.22 -71.41 24.85
33.39 -71.82 24.84
32.57 -72.09 24.82
31.68 -71.91 24.78
30.37 -72.31 24.75
29.47 -72.37 24.75
29.21 -72.24 24.76
28.78 -72.10 24.76
28.03 -72.07 24.76
27.34 -72.31 24.76
26.97 -72.27 24.76
26.73 -72.48 24.75
26.45 -72.51 24.75
25.88 -72.70 24.74
25.17 -73.05 24.74
24.61 -72.99 24.72
23.95 -73.27 24.72
23.04 -72.73 24.70
22.52 -72.52 24.70
22.34 -72.55 24.70
22.34 -72.73 24.71
22.34 -72.82 24.73
22.58 -72.84 24.74
22.75 -72.30 24.76
22.98 -71.91 24.80
23.93 -72.17 24.83
25.00 -72.77 24.87
26.14 -73.18 24.89
27.46 -73.67 24.91
28.59 -73.56 24.91
29.55 -73.04 24.89
30.19 -72.96 24.90
30.48 -72.64 24.93
30.60 -72.76 24.93
30.69 -73.16 24.94
30.89 -73.17 25.03
30.84 -73.17 25.09
30.75 -72.88 25.08
30.29 -72.62 25.09
29.67 -72.90 25.09
28.53 -73.83 25.10
27.54 -74.07 25.08
26.57 -73.55 25.07
25.86 -73.05 25.05
25.48 -72.65 25.06
25.40 -72.71 25.10
26.00 -73.16 25.12
26.42 -73.29 25.14
26.82 -73.32 25.17
27.46 -73.55 25.19
28.24 -73.86 25.23
29.20 -74.49 25.25
30.42 -74.50 25.29
31.89 -73.65 25.34
33.03 -73.30 25.38
33.77 -73.31 25.41
34.03 -73.64 25.43
34.13 -73.96 25.44
34.09 -74.22 25.48
33.74 -74.89 25.51
34.19 -74.43 25.53
34.39 -74.11 25.54
34.09 -74.11 25.54
33.29 -74.53 25.55
32.70 -74.74 25.55
32.64 -74.37 25.54
32.23 -74.44 25.54
31.50 -74.77 25.54
30.75 -74.32 25.54
29.79 -74.92 25.55
28.97 -74.98 25.52
28.28 -75.07 25.48
27.57 -74.85 25.49
27.43 -74.94 25.47
26.63 -74.65 25.45
25.84 -74.00 25.44
25.65 -74.99 25.46
25.31 -74.60 25.47
25.56 -74.40 25.51
26.55 -74.93 25.55
27.21 -75.23 25.59
27.79 -75.19 25.62
28.32 -75.28 25.65
29.05 -75.35 25.69
29.99 -75.72 25.71
31.07 -75.62 25.73
32.34 -75.12 25.81
32.98 -75.14 25.86
33.77 -75.12 25.87
34.06 -75.34 25.88
34.36 -75.19 25.91
34.63 -75.14 25.94
34.64 -75.47 25.97
34.69 -75.72 26.00
35.09 -75.71 26.04
35.05 -75.95 26.04
35.42 -75.86 26.06
35.06 -76.46 26.08
35.30 -76.43 26.10
35.63 -76.46 26.10
36.22 -76.39 26.14
36.85 -76.37 26.17
37.20 -76.31 26.21
37.60 -76.50 26.23
37.91 -76.51 26.26
38.07 -76.43 26.30
38.32 -76.60 26.32
38.67 -76.66 26.35
38.86 -76.52 26.38
39.49 -76.72 26.42
40.09 -76.70 26.46
41.03 -76.89 26.51
41.77 -76.93 26.56
42.21 -76.62 26.58
42.66 -76.58 26.60
43.06 -76.88 26.61
43.33 -77.20 26.62
43.48 -76.87 26.64
43.41 -77.06 26.65
43.35 -77.06 26.66
43.23 -77.15 26.68
43.21 -77.19 26.69
43.12 -77.32 26.71
42.98 -77.51 26.72
42.87 -77.62 26.74
42.88 -77.65 26.75
42.90 -77.68 26.77
42.92 -77.74 26.78
42.93 -77.75 26.80
42.96 -77.81 26.81
42.97 -77.86 26.82
42.97 -77.91 26.84
42.99 -77.93 26.85
43.02 -77.97 26.87
43.03 -78.00 26.88
43.04 -78.04 26.90
43.06 -78.10 26.91
43.03 -78.13 26.93
43.15 -78.13 26.94
43.26 -78.16 26.96
43.29 -78.21 26.97
43.29 -78.27 26.98
43.32 -78.30 27.00
43.37 -78.32 27.01
43.39 -78.38 27.03
43.44 -78.43 27.04
43.45 -78.47 27.06
43.47 -78.48 27.07
43.50 -78.51 27.09
43.53 -78.56 27.10
43.57 -78.63 27.12
43.60 -78.65 27.13
43.62 -78.68 27.15
43.65 -78.73 27.16
43.66 -78.76 27.18
43.69 -78.81 27.19
43.71 -78.86 27.21
43.74 -78.88 27.22
43.77 -78.91 27.24
43.78 -78.96 27.25
43.81 -78.99 27.27
43.84 -79.04 27.28
43.87 -79.07 27.30
43.89 -79.10 27.31
43.91 -79.16 27.33
43.92 -79.19 27.34
43.94 -79.22 27.35
43.95 -79.27 27.37
43.99 -79.30 27.38
44.01 -79.37 27.40
44.03 -79.37 27.41
44.06 -79.42 27.43
44.08 -79.46 27.44
44.11 -79.50 27.46
44.13 -79.54 27.47
44.16 -79.58 27.49
44.17 -79.62 27.50
44.19 -79.65 27.52
44.22 -79.69 27.53
44.23 -79.72 27.54
44.26 -79.75 27.56
44.27 -79.79 27.57
44.31 -79.83 27.59
44.32 -79.89 27.60
44.35 -79.94 27.62
44.37 -79.96 27.63
44.39 -80.01 27.65
44.42 -80.03 27.66
44.43 -80.07 27.68
44.46 -80.10 27.69
44.47 -80.16 27.71
44.47 -80.19 27.72
44.49 -80.22 27.73
44.52 -80.26 27.75
44.54 -80.29 27.76
44.54 -80.33 27.78
44.55 -80.36 27.79
44.56 -80.42 27.81
44.59 -80.45 27.82
44.61 -80.49 27.84
44.62 -80.52 27.85
44.63 -80.59 27.87
44.64 -80.62 27.88
44.67 -80.64 27.90
44.69 -80.69 27.91
44.70 -80.74 27.93
44.71 -80.75 27.94
44.72 -80.79 27.95
44.74 -80.82 27.97
44.76 -80.87 27.98
44.78 -80.91 28.00
44.79 -80.94 28.01
44.82 -80.97 28.03
44.83 -81.02 28.04
44.83 -81.06 28.05
44.85 -81.13 28.07
44.88 -81.13 28.08
44.90 -81.18 28.10
44.89 -81.21 28.11
44.92 -81.26 28.13
44.93 -81.30 28.14
44.95 -81.33 28.15
44.97 -81.40 28.17
44.99 -81.42 28.18
44.99 -81.46 28.20
45.03 -81.51 28.21
45.03 -81.52 28.23
45.05 -81.54 28.24
45.06 -81.60 28.26
45.09 -81.62 28.27
45.09 -81.67 28.28
45.12 -81.72 28.30
45.11 -81.75 28.31
45.13 -81.77 28.33
45.16 -81.81 28.34
45.16 -81.86 28.36
45.20 -81.90 28.37
45.19 -81.94 28.38
45.20 -81.99 28.40
45.25 -82.03 28.41
45.25 -82.05 28.43
45.27 -82.08 28.44
45.28 -82.14 28.46
45.30 -82.16 28.47
45.30 -82.21 28.49
45.33 -82.23 28.50
45.34 -82.27 28.52
45.35 -82.31 28.53
45.37 -82.37 28.55
45.40 -82.42 28.56
45.40 -82.43 28.57
45.42 -82.47 28.59
45.43 -82.51 28.60
45.45 -82.56 28.62
45.47 -82.61 28.63
45.47 -82.64 28.64
45.49 -82.67 28.66
45.52 -82.70 28.67
45.53 -82.74 28.69
45.55 -82.78 28.70
45.55 -82.83 28.72
45.57 -82.85 28.73
45.59 -82.89 28.75
45.61 -82.93 28.76
45.62 -82.99 28.78
45.63 -83.02 28.79
45.67 -83.05 28.80
45.67 -83.10 28.82
45.69 -83.13 28.83
45.70 -83.17 28.85
45.72 -83.20 28.86
45.73 -83.26 28.88
45.75 -83.28 28.89
45.77 -83.31 28.90
45.77 -83.36 28.92
45.79 -83.39 28.93
45.82 -83.45 28.95
45.83 -83.47 28.96
45.85 -83.51 28.98
45.87 -83.53 28.99
45.86 -83.59 29.01
45.88 -83.64 29.02
45.91 -83.67 29.04
45.92 -83.71 29.05
45.95 -83.74 29.06
45.95 -83.78 29.08
45.96 -83.82 29.09
45.99 -83.87 29.11
45.99 -83.89 29.12
46.02 -83.91 29.14
46.02 -83.98 29.15
46.04 -84.01 29.16
46.06 -84.06 29.18
46.08 -84.10 29.19
46.10 -84.13 29.21
46.12 -84.19 29.22
46.12 -84.23 29.24
46.13 -84.22 29.25
46.16 -84.30 29.26
46.17 -84.32 29.28
46.18 -84.35 29.29
46.21 -84.38 29.31
46.23 -84.43 29.32
46.23 -84.47 29.34
46.26 -84.51 29.35
46.27 -84.55 29.37
46.30 -84.59 29.38
46.29 -84.63 29.39
46.32 -84.66 29.41
46.34 -84.70 29.42
46.35 -84.73 29.44
46.36 -84.80 29.45
46.38 -84.83 29.47
46.38 -84.84 29.48
46.41 -84.88 29.50
46.44 -84.92 29.51
46.44 -84.97 29.52
46.45 -85.00 29.54
46.47 -85.05 29.55
46.49 -85.08 29.57
46.51 -85.12 29.58
46.52 -85.15 29.60
46.53 -85.21 29.61
46.56 -85.24 29.63
46.56 -85.28 29.64
46.58 -85.32 29.66
46.60 -85.36 29.67
46.62 -85.39 29.68
46.62 -85.42 29.70
46.65 -85.47 29.71
46.66 -85.50 29.73
46.67 -85.53 29.74
46.70 -85.56 29.76
46.71 -85.60 29.77
46.72 -85.65 29.79
46.75 -85.69 29.80
46.74 -85.73 29.82
46.77 -85.75 29.83
46.78 -85.80 29.85
46.81 -85.83 29.86
46.82 -85.87 29.88
46.83 -85.91 29.89
46.84 -85.94 29.90
46.86 -85.99 29.92
46.87 -86.03 29.93
46.90 -86.07 29.95
46.91 -86.11 29.96
46.93 -86.16 29.98
46.95 -86.19 29.99
46.95 -86.23 30.00
46.98 -86.25 30.02
46.99 -86.32 30.03
47.01