106.59 -242.31 93.22
106.61 -242.34 93.23
106.61 -242.36 93.24
106.62 -242.38 93.25
106.62 -242.40 93.26
106.60 -242.39 93.26
106.68 -242.40 93.27
106.67 -242.43 93.28
106.64 -242.53 93.29
106.66 -242.52 93.30
106.63 -242.57 93.31
106.67 -242.59 93.31
106.71 -242.58 93.32
106.70 -242.60 93.33
106.74 -242.58 93.34
106.75 -242.62 93.34
106.74 -242.67 93.35
106.72 -242.71 93.36
106.70 -242.73 93.37
106.74 -242.75 93.38
106.76 -242.76 93.39
106.79 -242.75 93.40
106.79 -242.79 93.40
106.80 -242.80 93.41
106.79 -242.85 93.42
106.81 -242.86 93.43
106.81 -242.88 93.44
106.83 -242.89 93.45
106.90 -242.64 93.46
106.90 -242.72 93.47
106.84 -242.83 93.47
106.83 -242.84 93.48
106.81 -242.85 93.49
106.79 -242.88 93.50
106.77 -242.67 93.51
106.96 -242.91 93.52
107.00 -242.86 93.53
106.97 -242.90 93.54
106.94 -243.01 93.54
107.04 -242.91 93.55
107.19 -242.97 93.56
107.13 -243.07 93.57
107.18 -243.12 93.58
107.29 -243.08 93.59
107.40 -243.05 93.60
107.46 -243.02 93.61
107.45 -243.13 93.62
107.42 -243.23 93.62
107.54 -243.17 93.63
107.58 -243.21 93.65
107.54 -243.30 93.66
107.59 -243.31 93.67
107.65 -243.32 93.68
107.82 -243.23 93.69
107.91 -243.19 93.70
107.89 -243.28 93.71
107.83 -243.39 93.72
107.86 -243.45 93.73
107.75 -243.40 93.74
107.82 -243.43 93.75
107.93 -243.51 93.76
107.92 -243.44 93.77
108.17 -243.23 93.78
108.05 -243.42 93.78
108.05 -243.43 93.79
108.10 -243.39 93.80
108.10 -243.40 93.81
108.29 -243.42 93.81
108.17 -243.30 93.82
108.10 -243.28 93.83
108.06 -243.16 93.83
108.04 -243.24 93.84
108.13 -243.54 93.84
108.20 -243.66 93.84
108.07 -243.55 93.85
107.98 -243.48 93.86
108.00 -243.59 93.86
107.96 -243.64 93.87
107.81 -243.63 93.88
107.96 -243.68 93.88
107.84 -243.77 93.88
107.89 -243.88 93.89
107.92 -243.87 93.89
107.66 -243.82 93.89
107.61 -243.90 93.89
107.58 -243.79 93.89
107.57 -243.64 93.90
107.41 -243.71 93.91
107.26 -243.74 93.92
107.13 -243.57 93.93
107.01 -243.57 93.94
106.92 -243.69 93.94
106.86 -243.73 93.95
106.88 -243.80 93.96
106.83 -243.73 93.98
106.89 -243.84 93.99
106.75 -243.83 93.99
106.84 -243.82 94.00
106.70 -243.80 94.01
106.63 -243.93 94.02
106.68 -244.03 94.02
106.87 -244.01 94.03
106.93 -244.05 94.04
106.85 -244.15 94.05
106.92 -244.14 94.06
106.92 -244.12 94.06
106.91 -244.14 94.07
106.75 -244.26 94.08
106.77 -244.26 94.08
106.76 -244.28 94.10
106.76 -244.29 94.10
106.71 -244.30 94.11
106.74 -244.33 94.12
106.78 -244.35 94.13
106.80 -244.36 94.13
106.82 -244.37 94.14
106.75 -244.49 94.16
106.83 -244.44 94.17
106.80 -244.54 94.18
106.86 -244.56 94.19
106.90 -244.49 94.20
106.88 -244.66 94.21
107.06 -244.55 94.22
106.94 -244.69 94.24
107.02 -244.70 94.24
106.98 -244.80 94.26
107.06 -244.76 94.27
106.99 -244.71 94.28
107.07 -244.79 94.28
107.09 -244.78 94.30
107.00 -244.83 94.31
106.87 -244.96 94.32
106.97 -244.95 94.34
107.01 -245.00 94.34
107.14 -244.90 94.35
107.19 -244.93 94.37
107.15 -244.87 94.38
107.25 -245.05 94.40
107.30 -245.02 94.41
107.29 -245.14 94.43
107.52 -244.97 94.44
107.26 -245.00 94.45
107.52 -245.09 94.46
107.43 -244.92 94.48
107.37 -244.92 94.49
107.34 -244.98 94.51
107.34 -244.99 94.52
107.43 -244.91 94.53
107.54 -244.93 94.54
107.57 -244.97 94.55
107.54 -244.88 94.57
107.36 -245.05 94.59
107.55 -244.95 94.59
107.61 -244.80 94.59
107.50 -245.11 94.60
107.45 -245.08 94.60
107.42 -245.00 94.60
107.39 -245.44 94.61
107.36 -245.45 94.62
107.20 -245.35 94.63
107.09 -245.31 94.63
107.02 -245.35 94.64
106.97 -245.37 94.62
107.00 -245.49 94.60
106.89 -245.39 94.59
106.97 -245.54 94.60
106.88 -245.62 94.61
106.88 -245.24 94.61
106.66 -245.57 94.60
106.62 -245.60 94.61
106.58 -245.43 94.61
106.49 -245.61 94.59
106.38 -245.23 94.57
106.21 -245.32 94.56
106.18 -245.29 94.58
106.07 -245.25 94.58
105.94 -245.17 94.64
106.08 -245.11 94.59
106.20 -245.26 94.60
106.12 -245.16 94.63
106.08 -245.29 94.67
106.40 -245.41 94.69
106.22 -245.44 94.68
106.36 -245.57 94.69
106.47 -245.66 94.71
106.64 -245.65 94.73
106.61 -245.79 94.75
106.56 -245.74 94.77
106.71 -245.78 94.80
106.95 -245.88 94.78
106.86 -245.78 94.79
107.19 -245.90 94.80
107.08 -245.83 94.81
107.34 -246.15 94.82
107.52 -246.08 94.83
107.48 -246.07 94.83
107.75 -246.05 94.84
107.84 -246.03 94.84
107.87 -246.07 94.85
107.92 -246.06 94.85
108.03 -245.97 94.87
107.97 -246.16 94.87
108.07 -246.12 94.88
108.10 -246.15 94.89
108.03 -246.24 94.90
108.04 -246.28 94.91
108.02 -246.38 94.93
107.97 -246.42 94.94
107.95 -246.45 94.94
108.01 -246.44 94.95
108.12 -246.34 94.96
108.12 -246.37 94.96
108.16 -246.40 94.97
108.19 -246.48 94.98
108.20 -246.29 95.00
108.40 -246.48 95.02
108.44 -246.45 95.04
108.39 -246.44 95.05
108.35 -246.61 95.06
108.48 -246.73 95.07
108.55 -246.70 95.09
108.45 -246.77 95.10
108.56 -246.84 95.11
108.62 -246.74 95.12
108.80 -246.70 95.13
108.55 -246.67 95.14
108.71 -246.69 95.16
108.64 -246.83 95.18
108.64 -246.94 95.19
108.69 -246.67 95.20
108.72 -246.82 95.21
108.61 -246.97 95.22
108.64 -247.00 95.23
108.61 -246.99 95.25
108.57 -246.99 95.25
108.88 -246.91 95.26
108.81 -246.94 95.26
108.80 -246.81 95.27
108.57 -246.83 95.27
108.57 -246.91 95.28
108.63 -246.91 95.30
108.54 -246.99 95.31
108.39 -247.02 95.32
108.57 -246.84 95.32
108.53 -247.17 95.30
108.43 -247.17 95.31
108.31 -247.21 95.32
108.25 -247.21 95.31
108.14 -247.13 95.32
108.20 -247.29 95.33
108.14 -247.25 95.32
108.02 -247.26 95.33
108.01 -247.18 95.33
107.97 -247.32 95.32
107.99 -247.39 95.33
107.92 -247.37 95.32
107.94 -247.42 95.33
107.88 -247.40 95.33
108.02 -247.45 95.34
108.06 -247.54 95.35
108.08 -247.63 95.37
107.90 -247.51 95.36
107.96 -247.60 95.38
108.09 -247.74 95.37
107.95 -247.67 95.39
107.80 -247.56 95.39
107.81 -247.48 95.39
107.80 -247.46 95.39
107.58 -247.38 95.39
107.82 -247.51 95.41
107.77 -247.46 95.41
108.03 -247.46 95.42
108.01 -247.52 95.43
108.01 -247.55 95.45
108.08 -247.49 95.45
108.14 -247.50 95.46
108.23 -247.60 95.48
108.25 -247.63 95.49
108.23 -247.75 95.51
108.43 -247.79 95.52
108.48 -247.82 95.52
108.58 -247.87 95.53
108.64 -247.89 95.53
108.72 -247.89 95.54
108.76 -247.89 95.54
108.69 -247.98 95.55
108.83 -247.90 95.55
108.87 -247.89 95.56
108.81 -248.07 95.57
108.81 -248.12 95.58
108.89 -248.11 95.59
108.94 -248.03 95.60
109.05 -248.06 95.61
109.12 -248.05 95.62
109.09 -248.12 95.63
109.09 -248.16 95.64
109.08 -248.27 95.65
109.05 -248.34 95.65
109.12 -248.37 95.67
109.21 -248.33 95.68
109.14 -248.21 95.69
109.37 -248.28 95.71
109.29 -248.43 95.72
109.44 -248.41 95.73
109.52 -248.44 95.75
109.45 -248.54 95.76
109.53 -248.56 95.77
109.61 -248.57 95.78
109.70 -248.44 95.79
109.74 -248.48 95.81
109.68 -248.54 95.82
109.80 -248.60 95.84
109.96 -248.49 95.85
109.83 -248.65 95.86
109.82 -248.69 95.88
109.68 -248.61 95.89
109.99 -248.78 95.90
109.99 -248.75 95.91
110.06 -248.72 95.92
109.90 -248.75 95.94
109.91 -248.69 95.95
109.89 -248.73 95.96
110.05 -248.51 95.97
109.91 -248.59 95.98
109.88 -248.73 95.98
109.90 -248.82 95.99
109.88 -248.63 95.99
109.87 -249.02 96.00
109.87 -248.95 96.01
109.76 -248.78 96.02
109.69 -248.91 96.03
109.70 -248.92 96.05
109.73 -249.03 96.06
109.72 -249.07 96.06
109.52 -248.88 96.07
109.52 -248.97 96.06
109.51 -249.08 96.06
109.44 -248.89 96.06
109.27 -248.99 96.06
109.30 -249.09 96.06
109.33 -249.07 96.07
109.32 -249.12 96.07
109.22 -249.22 96.07
109.16 -249.22 96.07
109.25 -249.30 96.07
109.18 -249.33 96.08
109.15 -249.34 96.09
109.24 -249.50 96.10
109.25 -249.56 96.11
109.18 -249.54 96.11
109.20 -249.63 96.11
109.21 -249.60 96.12
109.06 -249.63 96.13
109.15 -249.64 96.14
108.96 -249.61 96.15
108.90 -249.56 96.15
108.79 -249.55 96.15
108.73 -249.61 96.16
109.04 -249.49 96.16
108.84 -249.56 96.17
108.73 -249.58 96.16
108.70 -249.46 96.17
108.75 -249.54 96.18
108.77 -249.51 96.18
108.92 -249.48 96.19
108.71 -249.45 96.20
108.85 -249.55 96.22
108.85 -249.63 96.23
109.03 -249.60 96.23
109.16 -249.67 96.23
109.25 -249.55 96.24
109.36 -249.61 96.24
109.61 -249.75 96.24
109.63 -249.73 96.25
109.68 -249.78 96.26
109.77 -249.95 96.27
109.92 -249.80 96.28
110.05 -249.90 96.29
110.32 -249.77 96.30
110.36 -249.82 96.31
110.44 -249.81 96.32
110.37 -249.93 96.33
110.35 -249.83 96.33
110.40 -249.99 96.34
110.43 -250.01 96.35
110.33 -250.15 96.37
110.31 -250.19 96.38
110.38 -250.17 96.39
110.49 -250.06 96.40
110.37 -250.32 96.41
110.46 -250.23 96.42
110.47 -250.31 96.43
110.44 -250.34 96.44
110.48 -250.46 96.45
110.56 -250.42 96.46
110.51 -250.42 96.48
110.63 -250.53 96.49
110.70 -250.50 96.50
110.76 -250.48 96.51
110.80 -250.51 96.52
110.70 -250.50 96.54
110.79 -250.57 96.55
110.79 -250.45 96.56
110.76 -250.56 96.57
110.90 -250.55 96.58
110.80 -250.61 96.60
110.93 -250.43 96.61
110.92 -250.60 96.62
110.90 -250.58 96.63
110.93 -250.56 96.64
111.01 -250.59 96.65
110.87 -250.59 96.66
110.77 -250.61 96.67
110.86 -250.59 96.68
110.91 -250.78 96.68
110.91 -250.47 96.69
110.97 -250.60 96.70
110.93 -250.64 96.71
110.73 -250.57 96.72
110.63 -250.91 96.73
110.50 -250.82 96.74
110.42 -250.83 96.74
110.48 -250.93 96.76
110.44 -250.97 96.77
110.36 -250.66 96.77
110.27 -250.88 96.78
110.26 -250.99 96.79
109.99 -250.73 96.79
109.99 -250.82 96.80
110.01 -250.94 96.80
109.99 -251.11 96.81
109.84 -251.07 96.82
109.73 -251.06 96.82
109.72 -251.15 96.83
109.58 -251.10 96.82
109.49 -251.17 96.82
109.35 -251.22 96.82
109.19 -251.16 96.82
109.15 -251.27 96.83
109.13 -251.34 96.82
109.01 -251.34 96.83
108.94 -251.20 96.82
108.72 -251.14 96.83
108.61 -251.18 96.84
108.57 -251.18 96.83
108.51 -251.21 96.82
108.63 -251.16 96.83
108.61 -251.25 96.84
108.37 -251.12 96.86
108.20 -251.09 96.88
108.30 -250.83 96.89
108.06 -250.78 96.90
108.37 -250.92 96.88
108.46 -250.85 96.87
108.53 -250.87 96.88
108.58 -250.95 96.89
108.56 -250.98 96.90
108.58 -251.02 96.92
108.85 -251.10 96.93
108.83 -251.11 96.95
109.10 -251.23 96.97
109.16 -251.38 97.00
109.38 -251.38 96.99
109.34 -251.54 97.00
109.54 -251.58 97.01
109.71 -251.64 97.03
109.83 -251.68 97.05
110.03 -251.71 97.05
110.20 -251.83 97.06
110.31 -251.85 97.06
110.41 -251.88 97.06
110.57 -251.88 97.07
110.58 -251.95 97.08
110.81 -251.84 97.09
111.00 -251.85 97.10
111.06 -251.78 97.11
111.23 -251.86 97.12
111.27 -251.75 97.14
111.34 -251.93 97.15
111.25 -251.96 97.16
111.22 -251.95 97.18
111.29 -252.13 97.19
111.41 -252.12 97.20
111.53 -252.01 97.21
111.42 -252.16 97.22
111.51 -252.17 97.23
111.40 -252.29 97.24
111.56 -252.21 97.25
111.55 -252.32 97.26
111.59 -252.34 97.28
111.74 -252.24 97.29
111.86 -252.24 97.31
111.73 -252.39 97.32
111.74 -252.41 97.33
111.80 -252.37 97.34
111.83 -252.50 97.36
111.92 -252.37 97.37
111.85 -252.47 97.38
111.78 -252.38 97.40
111.76 -252.44 97.41
111.74 -252.35 97.42
111.72 -252.43 97.43
111.74 -252.33 97.44
111.44 -252.51 97.46
111.36 -252.47 97.47
111.38 -252.49 97.47
111.72 -252.34 97.48
111.45 -252.60 97.48
111.55 -252.34 97.49
111.33 -252.59 97.49
111.22 -252.65 97.50
111.18 -252.77 97.51
110.94 -252.62 97.51
110.73 -252.61 97.51
110.55 -252.47 97.52
110.48 -252.61 97.52
110.42 -252.65 97.51
110.50 -252.88 97.51
110.39 -252.89 97.52
110.16 -252.82 97.52
110.08 -252.83 97.52
109.94 -252.84 97.52
109.85 -252.82 97.52
109.78 -252.86 97.52
109.61 -252.92 97.51
109.61 -253.05 97.51
109.44 -253.00 97.51
109.54 -253.09 97.52
109.20 -252.96 97.52
109.16 -252.99 97.54
109.28 -252.95 97.55
109.25 -253.06 97.56
109.11 -252.99 97.57
109.15 -252.98 97.58
109.20 -253.08 97.59
109.10 -252.97 97.59
109.49 -253.04 97.61
109.42 -253.10 97.62
109.34 -253.06 97.63
109.34 -253.00 97.64
109.47 -253.05 97.66
109.65 -253.31 97.67
109.70 -253.30 97.68
110.01 -253.49 97.69
109.88 -253.40 97.69
110.23 -253.45 97.69
110.32 -253.52 97.69
110.54 -253.45 97.69
110.74 -253.40 97.70
110.95 -253.32 97.71
110.99 -253.40 97.72
111.12 -253.41 97.73
111.23 -253.43 97.73
111.33 -253.36 97.74
111.33 -253.46 97.75
111.32 -253.52 97.76
111.30 -253.68 97.77
111.37 -253.68 97.78
111.40 -253.69 97.79
111.39 -253.79 97.80
111.46 -253.79 97.81
111.52 -253.76 97.82
111.63 -253.76 97.83
111.60 -253.86 97.84
111.70 -253.87 97.85
111.75 -253.90 97.86
111.87 -253.84 97.87
111.79 -254.03 97.89
111.88 -254.04 97.90
111.85 -254.17 97.91
111.98 -254.12 97.93
112.06 -254.10 97.94
112.01 -254.20 97.94
112.24 -254.11 97.96
112.07 -254.07 97.96
112.12 -254.19 97.97
112.25 -254.25 97.99
112.37 -254.27 98.01
112.34 -254.22 98.01
112.40 -254.33 98.02
112.56 -254.24 98.03
112.29 -254.24 98.05
112.58 -254.32 98.07
112.55 -254.36 98.08
112.54 -254.37 98.09
112.37 -254.29 98.11
112.46 -254.35 98.12
112.45 -254.36 98.13
112.58 -254.34 98.14
112.53 -254.32 98.15
112.69 -254.23 98.17
112.55 -254.46 98.18
112.55 -254.45 98.19
112.47 -254.44 98.20
112.55 -254.40 98.21
112.55 -254.47 98.22
112.53 -254.57 98.23
112.66 -254.50 98.24
112.61 -254.61 98.25
112.57 -254.47 98.26
112.49 -254.44 98.27
112.43 -254.50 98.27
112.34 -254.69 98.27
112.22 -254.70 98.28
112.21 -254.70 98.27
112.15 -254.61 98.27
112.03 -254.72 98.28
111.97 -254.84 98.28
111.84 -254.73 98.28
111.77 -254.66 98.28
111.76 -254.86 98.29
111.72 -254.90 98.29
111.54 -254.80 98.30
111.58 -254.61 98.31
111.52 -254.87 98.30
111.53 -254.62 98.29
111.57 -254.65 98.30
111.51 -254.79 98.31
111.50 -254.86 98.30
111.54 -254.82 98.32
111.53 -254.95 98.32
111.39 -254.91 98.32
111.43 -254.98 98.32
111.60 -255.15 98.33
111.35 -254.99 98.33
111.53 -255.15 98.33
111.39 -255.17 98.33
111.46 -255.16 98.33
111.40 -255.10 98.34
111.34 -255.13 98.35
111.10 -255.01 98.36
111.42 -255.24 98.37
111.23 -255.19 98.39
111.36 -255.22 98.40
111.26 -255.10 98.42
111.23 -255.06 98.43
111.20 -255.03 98.44
111.50 -255.14 98.45
111.45 -255.20 98.46
111.42 -255.25 98.47
111.50 -255.31 98.47
111.50 -255.26 98.47
111.59 -255.39 98.47
111.51 -255.34 98.48
111.85 -255.40 98.49
111.70 -255.46 98.50
112.05 -255.43 98.52
112.07 -255.53 98.53
112.07 -255.53 98.54
112.23 -255.51 98.55
112.22 -255.61 98.56
112.43 -255.56 98.56
112.52 -255.55 98.57
112.64 -255.54 98.58
112.70 -255.59 98.58
112.61 -255.75 98.59
112.66 -255.76 98.60
112.68 -255.81 98.61
112.71 -255.83 98.62
112.79 -255.81 98.63
112.83 -255.81 98.64
112.88 -255.83 98.65
112.83 -255.93 98.66
112.87 -255.93 98.67
112.80 -256.06 98.68
113.04 -255.80 98.70
113.11 -255.84 98.71
112.96 -256.11 98.71
113.02 -256.13 98.72
113.05 -256.19 98.73
113.08 -256.20 98.75
113.29 -256.08 98.76
113.13 -256.23 98.77
113.23 -256.21 98.78
113.27 -256.21 98.79
113.16 -256.34 98.80
113.21 -256.33 98.81
113.35 -256.26 98.82
113.32 -256.30 98.84
113.49 -256.20 98.85
113.43 -256.30 98.86
113.34 -256.38 98.87
113.15 -256.47 98.88
113.28 -256.44 98.89
113.21 -256.57 98.91
113.24 -256.56 98.92
113.20 -256.54 98.93
113.15 -256.52 98.95
113.08 -256.42 98.96
113.14 -256.45 98.97
113.13 -256.48 98.98
113.05 -256.39 98.99
113.17 -256.48 99.00
113.18 -256.56 99.01
113.24 -256.60 99.03
113.14 -256.54 99.05
113.17 -256.58 99.06
113.28 -256.66 99.07
113.23 -256.67 99.07
113.17 -256.63 99.08
113.08 -256.57 99.08
113.13 -256.63 99.09
113.11 -256.60 99.09
113.20 -256.71 99.09
113.26 -256.73 99.09
113.25 -256.77 99.09
113.26 -256.74 99.09
113.30 -256.84 99.09
113.29 -256.84 99.09
113.22 -256.83 99.10
113.17 -256.82 99.11
113.25 -256.93 99.11
113.24 -256.97 99.11
113.15 -256.92 99.12
113.12 -256.92 99.12
113.17 -257.02 99.13
113.23 -257.11 99.13
113.27 -257.21 99.14
113.28 -257.26 99.14
113.03 -257.05 99.15
113.14 -257.21 99.15
113.03 -257.16 99.15
113.02 -257.21 99.16
112.98 -257.22 99.16
112.93 -257.22 99.17
113.14 -257.49 99.18
113.14 -257.39 99.18
112.86 -257.26 99.19
113.18 -257.25 99.19
113.00 -257.46 99.19
112.72 -257.36 99.20
112.71 -257.42 99.20
112.81 -257.38 99.21
112.88 -257.45 99.21
112.85 -257.52 99.22
112.77 -257.48 99.22
112.97 -257.46 99.23
113.14 -257.34 99.24
112.95 -257.50 99.25
112.97 -257.39 99.26
113.06 -257.36 99.27
113.20 -257.34 99.28
113.25 -257.37 99.28
113.34 -257.45 99.29
113.44 -257.40 99.30
113.50 -257.37 99.31
113.50 -257.38 99.32
113.36 -257.62 99.33
113.34 -257.67 99.34
113.37 -257.70 99.36
113.34 -257.77 99.37
113.49 -257.64 99.39
113.51 -257.73 99.40
113.45 -257.83 99.40
113.64 -257.75 99.41
113.64 -257.80 99.42
113.75 -257.79 99.43
113.77 -257.88 99.44
113.75 -257.98 99.44
113.73 -258.08 99.45
113.98 -257.91 99.46
113.90 -258.09 99.46
113.73 -258.09 99.47
114.08 -258.03 99.48
114.02 -258.12 99.49
113.91 -258.20 99.50
114.22 -258.09 99.52
114.11 -258.20 99.53
114.18 -258.15 99.54
114.04 -258.10 99.55
114.10 -258.16 99.56
114.20 -258.23 99.57
114.05 -258.25 99.59
114.07 -258.44 99.60
114.27 -258.25 99.61
113.96 -258.36 99.62
114.01 -258.40 99.63
114.09 -258.45 99.64
114.33 -258.39 99.65
114.16 -258.54 99.66
114.26 -258.56 99.67
114.20 -258.54 99.68
114.30 -258.46 99.69
114.30 -258.58 99.70
114.10 -258.40 99.72
114.21 -258.47 99.73
114.14 -258.45 99.74
114.22 -258.49 99.75
114.19 -258.53 99.76
114.32 -258.45 99.78
114.26 -258.69 99.79
114.28 -258.48 99.80
114.14 -258.66 99.82
114.11 -258.60 99.82
113.96 -258.59 99.83
113.95 -258.53 99.84
113.92 -258.66 99.84
113.80 -258.67 99.84
113.70 -258.66 99.84
113.65 -258.61 99.85
113.53 -258.69 99.86
113.50 -258.62 99.86
113.50 -258.65 99.86
113.48 -258.73 99.86
113.37 -258.79 99.86
113.35 -258.74 99.87
113.41 -258.80 99.88
113.21 -258.75 99.89
113.58 -258.96 99.89
113.40 -258.99 99.90
113.43 -259.09 99.90
113.32 -259.03 99.92
113.13 -258.89 99.92
113.25 -259.05 99.92
113.21 -259.07 99.92
113.43 -259.21 99.94
113.37 -259.19 99.94
113.35 -259.17 99.96
113.35 -259.16 99.96
113.32 -259.23 99.96
113.39 -259.21 99.98
113.39 -259.22 99.99
113.33 -259.24 99.99
113.35 -259.32 99.99
113.73 -259.16 99.99
113.62 -259.27 100.00
113.69 -259.21 100.01
114.15 -259.07 100.02
114.12 -259.18 100.03
114.46 -258.99 100.03
114.40 -259.18 100.04
114.43 -259.27 100.05
114.51 -259.30 100.06
114.45 -259.44 100.07
114.45 -259.50 100.08
114.43 -259.54 100.09
114.55 -259.58 100.10
114.63 -259.59 100.11
114.66 -259.59 100.12
114.69 -259.55 100.13
114.74 -259.62 100.14
114.81 -259.58 100.15
114.79 -259.74 100.16
114.87 -259.61 100.16
115.03 -259.51 100.17
114.91 -259.85 100.19
115.01 -259.85 100.20
115.07 -259.80 100.21
115.17 -259.76 100.22
115.10 -259.78 100.23
115.06 -259.97 100.24
115.25 -259.79 100.25
115.03 -259.91 100.27
115.06 -259.88 100.28
115.07 -259.98 100.30
115.13 -259.92 100.31
115.28 -260.02 100.32
115.13 -259.98 100.33
115.36 -259.91 100.34
115.20 -260.05 100.35
115.22 -260.21 100.37
115.18 -260.12 100.38
115.28 -260.19 100.40
115.24 -260.16 100.42
115.22 -260.19 100.43
115.29 -260.12 100.44
115.42 -260.07 100.45
115.22 -260.30 100.47
114.99 -260.28 100.49
115.19 -260.22 100.51
114.89 -260.24 100.52
115.08 -260.02 100.52
115.06 -260.25 100.53
114.88 -260.40 100.54
114.84 -260.33 100.55
114.72 -260.34 100.56
114.56 -260.20 100.57
114.67 -260.21 100.58
114.62 -260.23 100.58
114.71 -260.37 100.59
114.77 -260.37 100.59
114.77 -260.37 100.60
114.78 -260.39 100.60
114.72 -260.42 100.61
114.68 -260.39 100.61
114.56 -260.31 100.61
114.54 -260.32 100.61
114.73 -260.55 100.62
114.54 -260.39 100.62
114.60 -260.49 100.62
114.63 -260.53 100.62
114.83 -260.79 100.63
114.70 -260.74 100.64
114.71 -260.86 100.64
114.50 -260.73 100.64
114.55 -260.86 100.64
114.74 -260.84 100.65
114.62 -261.01 100.66
114.66 -260.98 100.66
114.75 -260.88 100.66
114.66 -260.94 100.66
114.62 -260.95 100.67
114.34 -261.02 100.67
114.16 -261.08 100.67
114.15 -261.04 100.68
114.15 -261.02 100.69
113.85 -261.12 100.69
113.83 -260.99 100.70
113.86 -260.96 100.70
113.99 -260.99 100.71
114.00 -260.87 100.72
113.92 -261.01 100.73
113.94 -261.03 100.74
113.91 -261.09 100.74
113.88 -261.11 100.76
113.90 -261.15 100.77
113.94 -261.21 100.78
114.00 -261.23 100.79
114.16 -261.24 100.80
114.38 -261.22 100.80
114.49 -261.16 100.81
114.52 -261.38 100.82
114.63 -261.37 100.82
114.74 -261.37 100.83
114.79 -261.43 100.85
114.78 -261.39 100.86
114.92 -261.43 100.88
114.86 -261.65 100.89
114.87 -261.51 100.90
114.95 -261.50 100.91
115.04 -261.56 100.92
115.01 -261.60 100.94
115.04 -261.50 100.95
114.98 -261.63 100.96
115.09 -261.66 100.98
115.26 -261.69 100.99
115.23 -261.71 100.99
115.29 -261.70 101.01
115.20 -261.76 101.02
115.13 -261.76 101.03
115.30 -261.88 101.04
115.30 -261.85 101.06
115.52 -261.65 101.07
115.65 -261.68 101.08
115.47 -261.69 101.09