146.72 -336.94 130.03
146.73 -336.96 130.04
146.76 -336.95 130.04
146.77 -336.98 130.05
146.78 -337.00 130.06
146.78 -337.04 130.07
146.77 -337.06 130.07
146.77 -337.11 130.08
146.79 -337.10 130.09
146.80 -337.15 130.10
146.84 -337.13 130.10
146.86 -337.16 130.11
146.88 -337.18 130.12
146.88 -337.20 130.13
146.87 -337.27 130.15
146.85 -337.27 130.16
146.82 -337.29 130.17
146.86 -337.38 130.19
146.86 -337.43 130.20
146.83 -337.50 130.22
146.82 -337.55 130.23
146.79 -337.59 130.24
146.81 -337.59 130.26
146.79 -337.64 130.27
146.80 -337.68 130.28
146.81 -337.71 130.28
146.83 -337.71 130.29
146.85 -337.70 130.30
146.86 -337.72 130.31
146.88 -337.74 130.32
146.87 -337.79 130.33
146.89 -337.81 130.33
146.89 -337.85 130.34
146.89 -337.88 130.35
146.90 -337.90 130.36
146.93 -337.90 130.37
146.93 -337.93 130.38
146.94 -337.95 130.39
146.94 -337.98 130.39
146.96 -338.01 130.40
146.96 -338.03 130.41
146.97 -338.06 130.42
146.99 -338.07 130.43
147.00 -338.09 130.44
147.01 -338.11 130.45
147.02 -338.12 130.46
147.02 -338.16 130.47
147.02 -338.17 130.47
146.96 -338.11 130.48
147.05 -338.20 130.49
147.06 -338.24 130.50
146.86 -338.12 130.51
147.14 -338.17 130.52
147.07 -338.25 130.52
147.13 -338.23 130.52
147.07 -338.31 130.53
147.01 -338.36 130.54
146.85 -338.24 130.56
146.87 -338.31 130.58
147.04 -338.46 130.58
147.15 -338.39 130.58
147.21 -338.38 130.59
147.13 -338.42 130.61
147.15 -338.55 130.62
147.27 -338.42 130.63
147.33 -338.37 130.64
147.55 -337.86 130.65
147.77 -337.86 130.66
147.99 -338.23 130.67
147.66 -336.71 130.68
147.55 -338.34 130.68
148.00 -338.50 130.69
148.09 -338.42 130.71
147.97 -338.35 130.72
147.67 -338.55 130.73
147.82 -338.72 130.73
147.87 -338.62 130.74
147.78 -338.64 130.75
147.50 -338.88 130.76
147.37 -338.89 130.77
147.00 -338.45 130.78
147.57 -338.86 130.79
147.61 -338.79 130.80
147.60 -338.79 130.81
147.23 -338.79 130.82
147.49 -338.94 130.83
147.60 -338.99 130.84
147.68 -339.06 130.85
147.65 -339.02 130.86
148.05 -338.79 130.87
148.35 -338.50 130.88
148.49 -338.43 130.89
148.56 -338.47 130.90
148.65 -338.50 130.91
148.39 -338.88 130.92
148.34 -338.95 130.93
148.21 -339.15 130.93
148.39 -339.19 130.94
148.41 -339.05 130.96
148.70 -339.18 130.97
148.87 -339.21 130.99
148.73 -339.09 131.00
149.24 -339.43 131.00
149.38 -339.26 131.01
149.56 -339.22 131.02
149.62 -339.14 131.02
149.69 -338.88 131.03
149.52 -339.06 131.05
149.70 -339.42 131.07
150.20 -338.95 131.08
150.01 -339.36 131.10
149.98 -339.51 131.14
149.71 -339.41 131.18
149.58 -339.01 131.20
149.45 -339.16 131.20
149.57 -339.14 131.21
149.40 -339.01 131.20
149.13 -338.87 131.19
149.06 -339.21 131.19
148.90 -339.47 131.20
148.54 -339.39 131.21
148.58 -339.57 131.21
148.47 -339.70 131.21
148.47 -339.66 131.22
148.34 -339.88 131.23
148.06 -339.68 131.25
148.03 -339.69 131.25
147.84 -339.81 131.27
147.66 -339.70 131.26
147.68 -339.85 131.27
147.46 -339.86 131.26
147.40 -339.94 131.24
147.04 -339.66 131.24
146.93 -339.82 131.24
146.77 -339.65 131.24
146.82 -339.63 131.23
146.69 -339.66 131.23
146.79 -339.82 131.24
146.44 -339.57 131.25
146.49 -339.70 131.25
146.41 -339.64 131.26
146.62 -339.81 131.27
146.54 -339.79 131.28
146.57 -339.69 131.29
146.45 -339.77 131.31
146.62 -339.79 131.32
146.78 -339.86 131.34
146.73 -339.91 131.34
146.89 -339.94 131.35
147.07 -340.09 131.35
147.02 -340.03 131.36
147.34 -340.01 131.36
147.24 -340.14 131.36
147.19 -340.16 131.37
147.24 -340.24 131.38
147.37 -340.15 131.39
147.41 -340.20 131.39
147.51 -340.16 131.40
147.45 -340.25 131.41
147.43 -340.20 131.43
147.37 -340.35 131.44
147.35 -340.36 131.45
147.30 -340.42 131.46
147.15 -340.56 131.47
147.22 -340.50 131.48
147.19 -340.56 131.49
147.19 -340.62 131.51
147.27 -340.58 131.52
147.12 -340.77 131.53
147.17 -340.69 131.55
147.20 -340.77 131.56
147.34 -340.70 131.57
147.39 -340.71 131.59
147.26 -340.95 131.60
147.29 -340.78 131.63
147.55 -340.81 131.64
147.40 -340.64 131.66
147.59 -340.77 131.68
147.64 -340.85 131.69
147.65 -340.91 131.71
147.67 -341.02 131.73
147.67 -341.06 131.75
147.66 -340.97 131.77
147.90 -341.08 131.78
148.00 -341.07 131.79
147.90 -341.04 131.81
147.82 -341.09 131.82
147.79 -341.02 131.84
147.78 -340.94 131.85
147.78 -340.83 131.86
147.67 -340.80 131.87
147.61 -340.96 131.89
147.51 -340.97 131.91
147.53 -340.86 131.91
147.52 -340.89 131.92
147.27 -341.03 131.94
147.15 -340.99 131.95
147.23 -341.02 131.96
147.13 -341.17 131.97
146.91 -340.93 131.97
146.93 -341.13 131.99
146.65 -340.99 131.98
146.54 -341.27 131.97
146.28 -341.26 131.96
146.17 -341.36 131.96
145.87 -341.21 131.95
145.89 -341.19 131.95
145.77 -341.25 131.97
145.55 -341.21 131.97
145.46 -341.41 131.98
145.20 -341.29 131.97
145.20 -341.32 131.98
145.06 -341.36 131.99
144.77 -341.29 132.01
144.69 -341.06 132.02
144.87 -341.24 132.02
144.79 -341.01 132.02
144.47 -341.06 132.03
144.78 -340.86 132.03
144.84 -340.98 132.03
144.91 -340.80 132.04
144.99 -340.96 132.05
145.33 -341.05 132.05
145.49 -341.14 132.06
145.53 -341.21 132.06
145.86 -341.39 132.07
146.06 -341.38 132.07
146.32 -341.53 132.08
146.46 -341.69 132.08
146.74 -341.76 132.09
146.77 -341.84 132.10
147.05 -341.72 132.10
147.17 -341.74 132.11
147.27 -341.67 132.11
147.43 -341.92 132.12
147.51 -341.93 132.13
147.61 -342.16 132.14
147.86 -342.08 132.15
148.06 -342.10 132.16
148.27 -342.04 132.17
148.29 -342.02 132.18
148.49 -342.07 132.19
148.46 -342.05 132.20
148.56 -342.22 132.21
148.61 -342.17 132.22
148.60 -342.37 132.24
148.68 -342.34 132.25
148.81 -342.33 132.26
148.88 -342.30 132.27
149.03 -342.26 132.29
149.03 -342.25 132.30
149.13 -342.35 132.32
149.10 -342.48 132.33
149.28 -342.20 132.34
149.33 -342.36 132.36
149.14 -342.39 132.38
149.11 -342.37 132.40
149.32 -342.37 132.42
149.13 -342.52 132.45
148.95 -342.36 132.46
149.03 -342.50 132.48
149.01 -342.40 132.49
148.99 -342.46 132.50
148.99 -342.56 132.51
149.01 -342.40 132.53
149.08 -342.40 132.54
148.92 -341.72 132.54
148.82 -342.61 132.55
148.92 -342.39 132.57
148.83 -342.51 132.58
148.46 -342.63 132.60
148.60 -342.50 132.61
148.62 -342.85 132.62
148.64 -342.68 132.63
148.55 -342.87 132.65
148.40 -342.62 132.66
148.24 -342.76 132.66
148.19 -342.83 132.65
148.18 -342.79 132.66
148.23 -342.98 132.66
148.17 -343.00 132.67
148.27 -343.23 132.67
147.99 -343.05 132.67
148.08 -343.23 132.68
147.95 -343.18 132.69
147.89 -343.18 132.70
147.68 -343.10 132.69
147.66 -343.20 132.69
147.60 -343.18 132.70
147.56 -343.25 132.70
147.43 -343.18 132.70
147.35 -343.20 132.71
147.37 -343.28 132.71
147.20 -343.21 132.71
147.04 -343.13 132.71
147.01 -343.19 132.72
147.25 -343.19 132.74
146.96 -342.99 132.71
146.87 -343.11 132.72
147.04 -343.26 132.70
147.19 -343.16 132.70
146.94 -343.14 132.70
146.88 -343.04 132.72
147.03 -343.04 132.72
147.11 -342.92 132.73
147.13 -343.01 132.74
147.62 -342.88 132.74
147.48 -342.91 132.75
147.64 -343.00 132.76
147.90 -343.21 132.76
148.01 -343.22 132.78
148.30 -343.34 132.77
148.42 -343.47 132.78
148.67 -343.44 132.80
148.77 -343.54 132.82
148.93 -343.58 132.83
149.03 -343.61 132.84
149.09 -343.63 132.85
149.17 -343.80 132.86
149.31 -343.82 132.87
149.41 -343.67 132.88
149.58 -343.91 132.89
149.74 -343.89 132.90
149.73 -344.01 132.91
149.84 -344.03 132.93
149.99 -343.95 132.94
149.98 -344.07 132.95
150.04 -344.08 132.96
150.10 -343.99 132.97
150.00 -343.94 132.99
150.12 -344.20 133.00
150.18 -344.05 133.02
150.07 -344.21 133.03
150.21 -344.05 133.04
150.32 -344.15 133.06
150.23 -344.09 133.08
150.47 -344.24 133.09
150.34 -344.34 133.11
150.29 -344.45 133.12
150.46 -344.33 133.14
150.29 -344.41 133.16
150.22 -344.28 133.17
150.20 -344.29 133.19
150.40 -344.21 133.21
150.01 -344.28 133.23
150.15 -344.18 133.24
149.92 -344.24 133.26
150.09 -344.25 133.28
149.72 -343.97 133.29
149.77 -344.35 133.30
149.93 -344.31 133.30
149.88 -344.49 133.32
149.94 -344.59 133.33
149.90 -344.33 133.34
149.85 -344.28 133.35
149.65 -344.26 133.36
149.62 -344.58 133.37
149.48 -344.14 133.38
149.35 -344.55 133.37
149.47 -344.76 133.37
149.37 -344.80 133.37
149.11 -344.68 133.37
149.11 -344.40 133.37
148.94 -344.68 133.36
148.99 -344.63 133.38
148.99 -344.77 133.39
148.92 -344.89 133.39
148.94 -344.91 133.39
148.85 -344.88 133.39
148.77 -344.85 133.39
148.89 -344.99 133.39
148.80 -344.99 133.39
148.63 -345.03 133.39
148.53 -345.03 133.38
148.54 -345.00 133.38
148.26 -344.95 133.38
148.25 -345.01 133.38
148.08 -344.85 133.38
148.08 -344.87 133.39
148.18 -344.89 133.40
148.15 -344.71 133.38
148.25 -344.76 133.37
148.07 -344.77 133.37
148.19 -344.86 133.38
148.32 -344.87 133.38
148.46 -344.84 133.39
148.55 -344.83 133.40
148.62 -344.90 133.41
148.70 -344.93 133.41
148.82 -344.87 133.42
148.90 -344.99 133.43
148.91 -344.94 133.44
149.25 -345.05 133.44
149.21 -345.14 133.44
149.21 -345.25 133.46
149.40 -345.17 133.47
149.45 -345.26 133.49
149.71 -345.47 133.50
149.94 -345.47 133.50
150.03 -345.58 133.52
150.26 -345.50 133.52
150.33 -345.49 133.53
150.53 -345.51 133.54
150.70 -345.45 133.56
150.68 -345.68 133.57
150.78 -345.59 133.58
150.80 -345.61 133.60
150.88 -345.57 133.61
150.89 -345.64 133.62
150.84 -345.70 133.63
150.82 -345.80 133.64
150.89 -345.78 133.66
150.87 -345.83 133.67
150.98 -345.76 133.69
150.84 -345.96 133.70
150.92 -345.88 133.72
150.98 -345.94 133.73
151.02 -345.81 133.75
150.96 -345.84 133.76
151.01 -345.68 133.78
151.17 -345.72 133.80
150.77 -346.03 133.82
150.89 -346.04 133.84
150.53 -346.12 133.86
150.45 -346.02 133.88
150.49 -346.16 133.90
150.62 -345.98 133.92
150.48 -346.09 133.94
150.63 -346.16 133.96
150.42 -345.99 133.98
150.32 -345.96 133.99
150.32 -346.32 134.00
150.37 -346.20 134.01
150.02 -346.23 134.03
150.05 -346.33 134.05
150.10 -346.40 134.07
150.10 -346.39 134.08
150.21 -346.48 134.10
149.99 -346.44 134.11
149.86 -346.36 134.12
149.79 -346.32 134.13
149.72 -346.48 134.13
149.66 -346.52 134.13
149.56 -346.32 134.13
149.54 -346.32 134.12
149.36 -346.61 134.13
149.32 -346.54 134.13
149.34 -346.57 134.13
149.28 -346.63 134.13
148.93 -346.66 134.12
148.93 -346.79 134.13
148.78 -346.82 134.15
148.57 -346.78 134.15
148.47 -346.79 134.16
148.27 -346.79 134.16
148.24 -346.90 134.17
148.12 -346.85 134.19
147.86 -346.62 134.17
147.69 -346.52 134.18
147.57 -346.30 134.22
147.61 -346.55 134.19
147.43 -346.53 134.20
147.45 -346.46 134.18
147.56 -346.40 134.19
147.41 -346.47 134.19
147.43 -346.39 134.21
147.20 -346.23 134.23
147.35 -346.20 134.22
147.41 -346.19 134.21
147.45 -346.18 134.22
147.54 -346.08 134.22
147.68 -346.01 134.24
147.92 -346.02 134.26
148.28 -345.95 134.27
148.52 -346.14 134.30
148.95 -346.24 134.32
149.16 -346.31 134.32
149.59 -346.48 134.31
149.60 -346.49 134.31
149.91 -346.71 134.32
150.10 -346.74 134.32
150.48 -346.90 134.32
150.59 -346.94 134.31
150.72 -347.13 134.33
150.99 -347.03 134.34
151.03 -347.14 134.37
151.26 -347.12 134.38
151.41 -347.09 134.40
151.45 -347.07 134.41
151.73 -347.21 134.42
151.84 -347.27 134.43
151.80 -347.37 134.45
151.75 -347.44 134.47
151.83 -347.44 134.48
151.86 -347.61 134.48
151.90 -347.57 134.50
151.88 -347.66 134.50
151.94 -347.57 134.51
151.99 -347.62 134.53
151.90 -347.75 134.54
152.12 -347.48 134.56
151.89 -347.70 134.57
151.98 -347.78 134.59
152.03 -347.58 134.60
152.03 -347.58 134.61
152.02 -347.65 134.62
151.95 -347.62 134.65
151.92 -347.95 134.67
151.80 -348.02 134.69
151.89 -347.96 134.71
151.83 -348.02 134.73
151.54 -347.95 134.75
151.74 -348.16 134.76
151.71 -348.12 134.78
151.60 -348.03 134.80
151.58 -348.05 134.81
151.88 -347.97 134.84
151.44 -347.96 134.85
151.52 -348.07 134.87
151.53 -347.85 134.89
151.14 -348.08 134.91
151.21 -348.10 134.93
151.13 -348.14 134.95
151.22 -348.20 134.98
151.11 -348.14 134.99
151.25 -348.03 135.00
151.13 -348.08 135.00
151.08 -348.22 135.03
151.33 -347.91 135.03
151.19 -348.41 135.04
151.04 -348.29 135.04
150.96 -348.30 135.04
151.04 -348.34 135.05
150.99 -348.38 135.06
150.86 -348.33 135.05
150.81 -348.57 135.07
150.63 -348.50 135.06
150.61 -348.53 135.06
150.43 -348.31 135.06
150.37 -348.61 135.06
150.03 -348.36 135.05
149.99 -348.51 135.06
150.06 -348.72 135.06
150.01 -348.50 135.05
149.91 -348.75 135.06
149.77 -348.70 135.06
149.76 -348.86 135.07
149.53 -348.56 135.08
149.36 -348.70 135.08
149.28 -348.54 135.06
149.08 -348.57 135.06
149.08 -348.69 135.10
148.96 -348.08 135.03
149.00 -348.68 135.03
148.73 -348.44 135.02
148.70 -348.59 135.01
148.42 -348.33 135.04
148.47 -348.24 135.06
148.31 -348.15 135.05
148.34 -348.05 135.05
148.62 -348.16 135.07
148.58 -348.13 135.08
148.79 -348.16 135.08
149.04 -348.37 135.08
148.85 -348.25 135.10
149.06 -348.34 135.09
149.30 -348.56 135.10
149.26 -348.70 135.12
149.52 -348.58 135.13
149.91 -348.87 135.14
150.30 -349.05 135.14
150.40 -349.07 135.15
150.47 -349.21 135.17
150.68 -349.23 135.16
150.85 -349.33 135.17
150.97 -349.47 135.17
151.19 -349.25 135.18
151.60 -349.03 135.19
151.67 -349.31 135.20
151.80 -349.30 135.21
151.93 -349.26 135.22
151.98 -349.20 135.23
152.06 -349.30 135.24
152.07 -349.41 135.25
152.19 -349.29 135.26
152.25 -349.33 135.27
152.20 -349.58 135.29
152.29 -349.53 135.30
152.47 -349.42 135.31
152.38 -349.53 135.33
152.23 -349.68 135.34
152.32 -349.69 135.35
152.59 -349.62 135.37
152.49 -349.66 135.38
152.62 -349.54 135.39
152.55 -349.81 135.41
152.45 -349.80 135.42
152.57 -349.91 135.45
152.51 -349.87 135.46
152.77 -349.92 135.48
152.84 -349.76 135.49
152.51 -349.98 135.51
152.34 -349.85 135.53
152.38 -350.00 135.55
152.53 -349.95 135.58
152.33 -350.12 135.60
152.19 -350.10 135.62
151.80 -349.80 135.63
152.10 -350.20 135.65
151.88 -350.05 135.67
151.89 -350.15 135.68
151.90 -350.02 135.70
151.66 -350.08 135.72
151.69 -349.95 135.74
151.39 -350.02 135.75
151.28 -349.99 135.76
151.28 -350.08 135.76
151.33 -350.16 135.76
151.33 -350.10 135.75
151.34 -350.15 135.76
151.18 -350.22 135.77
151.17 -350.28 135.77
151.03 -350.40 135.77
150.92 -350.08 135.77
150.81 -350.38 135.77
150.73 -350.39 135.77
150.74 -350.25 135.77
150.75 -350.66 135.79
150.58 -350.57 135.80
150.37 -350.63 135.81
150.27 -350.57 135.82
150.36 -350.68 135.84
150.09 -350.53 135.86
149.96 -350.59 135.86
149.96 -350.34 135.87
149.81 -350.44 135.87
149.81 -350.56 135.89
149.85 -350.47 135.89
149.78 -350.46 135.89
149.69 -350.54 135.88
149.86 -350.36 135.88
149.78 -350.25 135.87
149.86 -350.18 135.88
149.64 -350.26 135.89
149.58 -350.23 135.87
149.71 -350.31 135.87
149.70 -350.24 135.85
150.05 -350.40 135.85
149.98 -350.35 135.85
150.15 -350.41 135.86
150.42 -350.51 135.87
150.39 -350.44 135.87
150.52 -350.40 135.86
150.74 -350.36 135.87
151.02 -350.44 135.85
151.13 -350.52 135.85
151.70 -350.56 135.86
151.63 -350.62 135.87
151.84 -350.68 135.87
152.11 -350.75 135.87
152.21 -350.79 135.87
152.43 -350.82 135.88
152.52 -350.85 135.89
152.68 -350.73 135.90
152.66 -350.86 135.91
152.65 -350.99 135.92
152.61 -351.07 135.94
152.62 -351.09 135.96
152.62 -351.14 135.97
152.54 -351.16 135.99
152.57 -351.20 136.01
152.65 -351.26 136.02
152.62 -351.39 136.03
152.69 -351.41 136.04
152.71 -351.47 136.05
152.79 -351.49 136.06
152.77 -351.64 136.07
153.08 -351.41 136.09
152.84 -351.52 136.10
152.91 -351.56 136.12
152.95 -351.73 136.14
152.92 -351.67 136.16
152.91 -351.90 136.17
153.17 -351.76 136.19
153.20 -351.68 136.21
153.06 -351.86 136.23
153.06 -351.60 136.26
153.23 -351.73 136.28
152.96 -351.53 136.30
153.31 -351.54 136.32
153.18 -351.68 136.34
153.13 -351.77 136.36
153.32 -351.71 136.38
153.28 -351.58 136.40
152.98 -351.55 136.41
153.00 -351.66 136.42
152.94 -351.78 136.43
152.93 -351.70 136.44
152.89 -351.89 136.46
152.94 -351.90 136.47
152.96 -351.62 136.48
152.62 -351.97 136.48
152.55 -351.62 136.49
152.36 -352.01 136.49
152.31 -351.97 136.50
152.18 -351.91 136.51
151.79 -351.87 136.51
151.60 -351.88 136.51
151.44 -351.90 136.51
151.39 -352.00 136.50
151.24 -351.93 136.49
151.18 -351.87 136.48
151.20 -351.97 136.48
151.27 -352.06 136.48
151.21 -352.13 136.49
151.41 -351.89 136.49
151.20 -352.25 136.50
151.21 -352.30 136.51
151.10 -352.36 136.51
150.93 -352.41 136.50
150.59 -352.28 136.50
150.65 -352.37 136.51
150.62 -352.17 136.50
150.60 -352.28 136.50
150.49 -352.23 136.50
150.18 -352.21 136.50
150.53 -352.20 136.51
150.66 -352.11 136.51
150.69 -352.26 136.51
150.70 -352.22 136.51
150.94 -352.21 136.52
151.02 -352.29 136.52
151.27 -352.28 136.52
151.32 -352.39 136.52
151.48 -352.50 136.52
151.57 -352.61 136.52
151.69 -352.63 136.53
151.89 -352.64 136.54
152.03 -352.56 136.55
152.13 -352.54 136.56
152.49 -352.63 136.57
152.61 -352.67 136.58
152.65 -352.75 136.59
152.77 -352.73 136.60
152.74 -352.90 136.61
152.72 -353.06 136.62
152.80 -353.07 136.63
152.93 -353.08 136.65
153.02 -353.10 136.66
153.11 -353.06 136.67
153.14 -352.96 136.68
153.20 -353.15 136.70
153.27 -353.17 136.71
153.21 -353.20 136.72
153.22 -353.39 136.74
153.30 -353.35 136.75
153.19 -353.22 136.77
153.42 -353.32 136.78
153.29 -353.32 136.80
153.52 -353.22 136.82
153.44 -353.27 136.84
153.47 -353.42 136.85
153.33 -353.45 136.87
153.46 -353.34 136.89
153.30 -353.58 136.90
153.46 -353.50 136.92
153.19 -353.59 136.93
153.15 -353.44 136.95
153.07 -353.55 136.97
153.13 -353.48 136.99
153.18 -353.75 137.02
153.14 -353.73 137.03
152.95 -353.58 137.05
153.09 -353.61 137.06
153.16 -353.65 137.08
153.10 -353.59 137.09
153.05 -353.78 137.10
153.05 -353.82 137.12
152.82 -353.72 137.13
152.92 -353.82 137.14
152.85 -353.80 137.16
152.75 -353.79 137.18
152.77 -353.80 137.20
152.70 -353.82 137.22
152.56 -353.80 137.23
152.46 -353.78 137.24
152.48 -353.80 137.24
152.28 -353.81 137.24
152.18 -353.79 137.25
152.04 -353.72 137.25
151.93 -353.87 137.25
151.71 -353.55 137.24
151.64 -353.83 137.23
151.41 -353.83 137.22
151.27 -353.85 137.21
151.24 -353.97 137.21
151.10 -353.81 137.20
151.02 -353.89 137.19
150.93 -353.74 137.19
150.72 -353.87 137.19
150.81 -353.91 137.18
151.08 -354.10 137.18
151.10 -354.11 137.18
151.21 -354.02 137.19
151.04 -354.08 137.20
151.06 -354.06 137.21
151.45 -354.34 137.21
151.46 -354.39 137.22
151.63 -354.33 137.23
151.72 -354.44 137.23
151.56 -354.33 137.22
152.09 -354.34 137.23
152.21 -354.37 137.23
152.32 -354.37 137.23
152.56 -354.30 137.23
152.70 -354.38 137.23
152.80 -354.34 137.23
153.08 -354.38 137.23
153.26 -354.30 137.23
153.28 -354.44 137.24
153.54 -354.37 137.24
153.51 -354.48 137.25
153.59 -354.51 137.26
153.61 -354.59 137.27
153.60 -354.61 137.28
153.73 -354.63 137.29
153.75 -354.61 137.31
153.80 -354.70 137.32
153.83 -354.56 137.33
153.84 -354.80 137.35
153.97 -354.66 137.36
154.14 -354.77 137.37
154.11 -354.84 137.39
154.17 -354.96 137.40
154.39 -354.79 137.41
154.26 -354.92 137.42
154.30 -355.05 137.44
154.29 -354.93 137.45
154.41 -355.03 137.48
154.13 -355.29 137.49
154.41 -355.06 137.50
154.44 -355.23 137.52
154.32 -355.41 137.54
154.58 -355.24 137.55
154.60 -355.28 137.57
154.33 -355.25 137.59
154.55 -355.44 137.61
154.37 -355.28 137.63
154.46 -355.31 137.65
154.56 -355.25 137.67
154.57 -355.50 137.69
154.55 -355.18 137.70
154.59 -355.46 137.73
154.38 -355.33 137.74
154.37 -355.36 137.76
154.50 -355.28 137.78
154.30 -355.35 137.79
154.28 -355.39 137.81
154.26 -355.31 137.83
154.25 -355.32 137.84
154.22 -355.11 137.85
154.32 -355.25 137.86
154.01 -355.53 137.87
153.99 -355.41 137.89
153.97 -355.40 137.90
153.74 -355.54 137.91
153.59 -355.51 137.94
153.70 -355.70 137.95
153.59 -355.65 137.95
153.65 -355.77 137.96
153.55 -355.81 137.96
153.46 -355.82 137.96
153.31 -355.80 137.97
153.14 -355.83 137.97
152.95 -355.74 137.96
152.93 -355.86 137.96
152.82 -355.90 137.95
152.73 -355.96 137.95
152.53 -355.94 137.94
152.49 -356.06 137.93
152.29 -356.01 137.93
152.13 -356.04 137.94
151.99 -356.06 137.94
151.88 -356.00 137.94
151.84 -356.04 137.94
151.68 -356.08 137.94
151.65 -356.06 137.94
151.45 -356.00 137.95
151.53 -356.10 137.95
151.66 -355.80 137.95
151.70 -356.25 137.96
151.62 -356.15 137.95
151.83 -356.01 137.97
151.65 -356.16 137.99
151.58 -356.14 137.98
151.45 -356.11 137.98
151.50 -356.18 137.99
151.56 -356.09 137.99
151.54 -356.12 138.01
151.68 -356.08 138.01
151.73 -356.08 138.01
151.88 -356.19 138.00
151.98 -356.17 138.01
152.19 -356.13 138.01
152.24 -356.12 138.01
152.32 -356.25 138.02
152.45 -356.26 138.03
152.45 -356.35 138.04
152.47 -356.38 138.05
152.68 -356.37 138.03
152.91 -356.52 138.04
153.07 -356.40 138.05
153.31 -356.52 138.06
153.35 -356.58 138.06
153.39 -356.52 138.08
153.58 -356.62 138.08
153.52 -356.60 138.09
153.60 -356.66 138.10
153.65 -356.83 138.10
153.80 -356.82 138.12
153.92 -356.90 138.12
154.02 -356.93 138.13
154.11 -356.95 138.15
154.38 -356.85 138.16
154.41 -356.89 138.18
154.47 -356.89 138.19
154.57 -356.99 138.21
154.51 -356.86 138.22
154.66 -357.06 138.23
154.62 -357.04 138.25
154.59 -357.01 138.26
154.72 -357.20 138.28
154.78 -357.20 138.28
154.80 -357.24 138.30
154.90 -357.21 138.31
154.85 -357.28 138.32
154.92 -357.37 138.33
154.98 -357.32 138.35
155.05 -357.26 138.37
155.07 -357.42 138.39
155.14 -357.45 138.40
155.17 -357.38 138.41
155.35 -357.43 138.43
155.09 -357.42 138.45
155.34 -357.44 138.47
155.30 -357.49 138.49
155.25 -357.53 138.51
155.28 -357.52 138.53
155.44 -357.31 138.55
155.39 -357.51 138.57
155.27 -357.41 138.58
154.95 -357.52 138.61
155.10 -357.25 138.62
155.14 -357.40 138.64
155.01 -357.57 138.66
154.82 -357.40 138.67
154.60 -357.47 138.69
154.72 -357.48 138.69
154.59 -357.63 138.70
154.56 -357.64 138.72
154.42 -357.56 138.73
154.36 -357.57 138.75
154.28 -357.64 138.76
154.02 -357.40 138.77
153.98 -357.52 138.77
153.93 -357.51 138.77
153.86 -357.58 138.76
153.73 -357.53 138.75
153.74 -357.54 138.73
153.71 -357.65 138.72
153.58 -357.56 138.71
153.53 -357.58 138.70
153.61 -357.65 138.71
153.59 -357.63 138.72
153.70 -357.72 138.73
154.13 -358.09 138.73
154.01 -357.97 138.74
154.28 -358.17 138.74
154.46 -358.35 138.73
154.31 -358.19 138.73
154.46 -358.32 138.73
154.41 -358.24 138.72
154.88 -358.35 138.72
154.81 -358.45 138.72
154.90 -358.41 138.72
154.83 -358.36 138.72
154.89 -358.31 138.72
154.80 -358.31 138.72
154.88 -358.43 138.72
155.26 -358.29 138.72
155.26 -358.20 138.72
155.46 -358.19 138.72
155.47 -358.25 138.72
155.65 -358.14 138.73
155.78 -358.15 138.73
155.82 -358.19 138.74
155.98 -358.09 138.74
155.84 -358.29 138.75
155.78 -358.39 138.77
155.64 -358.55 138.78
155.62 -358.58 138.80
155.58 -358.54 138.82
155.61 -358.42 138.84
155.61 -358.53 138.85
155.70 -358.51 138.87
155.82 -358.50 138.88
155.97 -358.37 138.89
155.90 -358.61 138.90
155.92 -358.61 138.91
155.98 -358.67 138.92
156.01 -358.69 138.95
155.83 -358.95 138.96
155.98 -358.85 138.98
155.72 -358.97 139.00
155.88 -359.02 139.01
155.93 -358.98 139.02
155.87 -358.98 139.04
155.96 -358.88 139.06
156.26 -358.80 139.08
155.91 -359.04 139.10
155.76 -358.85 139.12
155.69 -358.97 139.14
155.92 -359.03 139.17
155.43 -358.87 139.20
155.44 -359.08 139.21
155.21 -358.91 139.24
155.36 -359.03 139.25
155.57 -359.29 139.27
155.71 -359.05 139.31
155.28 -358.99 139.34
155.49 -359.18 139.35
155.41 -359.21 139.38
155.33 -359.20 139.42
155.35 -359.16 139.45
155.37 -359.25 139.49
155.27 -359.22 139.53
155.15 -359.21 139.56
155.11 -359.16 139.59
155.02 -359.27 139.60
155.08 -358.91 139.59
154.87 -359.35 139.58
154.70 -359.36 139.57
154.51 -359.34 139.56
154.51 -359.35 139.53
154.57 -359.49 139.50
154.37 -359.56 139.49
154.26 -359.50 139.48
154.15 -359.61 139.46
154.05 -359.60 139.45
153.89 -359.57 139.45
153.68 -359.46 139.45
153.82 -359.50 139.44
153.75 -359.45 139.42
153.86 -359.43 139.41
153.71 -359.59 139.41
153.70 -359.64 139.40
153.73 -359.77 139.42
153.64 -359.72 139.42
153.72 -359.77 139.42
153.78 -359.76 139.42
153.64 -359.73 139.41
153.83 -359.95 139.42
153.89 -360.00 139.41
154.10 -360.14 139.41
154.03 -360.09 139.42
154.17 -360.11 139.43
154.10 -360.10 139.44
154.41 -360.06 139.44
154.42 -360.11 139.45
154.54 -360.09 139.45
154.70 -360.03 139.46
154.70 -360.10 139.46
154.65 -360.14 139.47
154.78 -360.21 139.46
154.78 -360.33 139.46
154.86 -360.41 139.47
154.98 -360.33 139.47
154.94 -360.44 139.48
155.18 -360.37 139.49
155.29 -360.30 139.49
155.37 -360.34 139.50
155.37 -360.37 139.50
155.47 -360.39 139.51
155.60 -360.34 139.52
155.64 -360.37 139.53
155.80 -360.39 139.54
155.80 -360.43 139.55
155.93 -360.45 139.56
155.96 -360.50 139.57
156.05 -360.48 139.58
155.98 -360.59 139.60
156.09 -360.52 139.61
155.95 -360.66 139.62
156.11 -360.56 139.63
156.06 -360.66 139.64
156.08 -360.69 139.65
156.04 -360.75 139.66
156.12 -360.76 139.67
156.14 -360.81 139.69
156.23 -360.70 139.70
156.20 -360.77 139.71
156.30 -360.72 139.73
156.16 -361.00 139.74
156.24 -360.92 139.75
156.25 -360.93 139.76
156.23 -360.88 139.78
156.30 -360.97 139.79
156.30 -360.96 139.81
156.15 -360.98 139.82
156.24 -361.03 139.84
155.96 -360.96 139.85
156.15 -361.06 139.87
156.05 -361.06 139.89
156.04 -361.15 139.90
156.00 -361.06 139.91
155.92 -361.10 139.93
155.85 -361.14 139.94
155.74 -361.11 139.95
155.70 -361.10 139.96
155.80 -361.06 139.98
155.78 -361.20 140.00
155.55 -361.10 140.01
155.55 -361.18 140.02
155.54 -361.19 140.02
155.49 -361.23 140.03
155.47 -361.26 140.03
155.44 -361.23 140.04
155.38 -361.32 140.04
155.28 -361.29 140.05
155.29 -361.24 140.05
155.21 -361.29 140.05
155.12 -361.37 140.05
155.06 -361.35 140.05
155.01 -361.37 140.05
155.00 -361.55 140.05
154.89 -361.44 140.05
154.88 -361.30 140.06
154.93 -361.24 140.06
154.88 -361.60 140.06
155.07 -361.65 140.06
155.19 -361.64 140.06
155.19 -361.78 140.07
155.16 -361.72 140.07
155.13 -361.79 140.07