206.60 -481.31 186.60
206.64 -481.28 186.60
206.66 -481.29 186.61
206.68 -481.30 186.62
206.67 -481.35 186.63
206.66 -481.39 186.64
206.65 -481.42 186.65
206.66 -481.45 186.66
206.69 -481.44 186.67
206.70 -481.46 186.67
206.70 -481.49 186.69
206.71 -481.53 186.70
206.72 -481.54 186.71
206.73 -481.57 186.72
206.75 -481.58 186.73
206.90 -481.43 186.75
206.80 -481.48 186.76
206.75 -481.57 186.77
206.63 -481.66 186.78
206.60 -481.69 186.79
206.60 -481.64 186.80
206.50 -481.67 186.81
206.39 -481.78 186.82
206.35 -481.74 186.83
206.33 -481.56 186.83
206.41 -481.86 186.83
206.42 -481.87 186.83
206.44 -481.87 186.83
206.47 -481.88 186.84
206.46 -481.94 186.85
206.48 -481.93 186.85
206.51 -481.91 186.85
206.41 -481.70 186.85
206.64 -481.73 186.87
206.58 -481.91 186.88
206.55 -481.88 186.89
206.51 -481.95 186.91
206.49 -481.74 186.92
206.49 -481.85 186.93
206.55 -481.96 186.94
206.62 -481.90 186.95
206.66 -481.91 186.96
206.69 -481.71 186.98
206.52 -482.00 186.98
206.40 -482.06 187.00
206.45 -481.98 187.01
206.44 -482.01 187.02
206.40 -482.05 187.03
206.39 -482.02 187.05
206.42 -482.11 187.07
206.35 -482.09 187.08
206.47 -482.12 187.09
206.34 -482.30 187.10
206.32 -482.37 187.11
206.22 -482.33 187.13
206.45 -482.22 187.15
206.40 -482.28 187.16
206.27 -482.23 187.17
206.47 -482.30 187.18
206.55 -482.22 187.19
206.63 -482.24 187.20
206.76 -482.10 187.21
206.86 -481.98 187.22
206.96 -482.11 187.25
206.92 -482.27 187.26
206.97 -482.47 187.27
206.90 -482.38 187.29
207.04 -482.36 187.30
207.12 -482.48 187.31
207.21 -482.56 187.34
207.06 -482.36 187.34
207.15 -482.45 187.35
207.20 -482.49 187.35
207.15 -482.45 187.35
207.14 -482.39 187.35
207.20 -482.56 187.35
207.15 -482.58 187.36
207.06 -482.50 187.36
206.96 -482.53 187.35
207.05 -482.33 187.36
206.89 -482.64 187.36
206.87 -482.63 187.37
206.79 -482.69 187.38
206.62 -482.62 187.37
206.59 -482.69 187.37
206.70 -482.81 187.39
206.71 -482.94 187.40
206.38 -482.83 187.39
206.38 -482.93 187.39
206.28 -482.94 187.40
206.03 -482.84 187.41
206.13 -482.93 187.42
206.33 -482.88 187.43
205.81 -482.78 187.43
206.02 -483.02 187.43
206.21 -482.98 187.44
206.03 -482.90 187.45
206.02 -482.94 187.46
206.04 -482.95 187.46
206.16 -483.04 187.46
206.02 -483.14 187.47
206.10 -483.03 187.47
206.06 -483.11 187.48
206.11 -483.10 187.48
205.96 -483.13 187.49
206.15 -483.08 187.50
205.94 -483.07 187.51
205.95 -483.12 187.52
206.00 -483.15 187.52
206.02 -483.14 187.53
205.95 -483.15 187.54
205.64 -483.30 187.55
205.80 -483.27 187.56
205.81 -483.18 187.56
205.71 -483.28 187.57
205.67 -483.22 187.58
205.66 -483.29 187.59
205.56 -483.39 187.60
205.55 -483.42 187.61
205.41 -483.55 187.62
205.43 -483.54 187.64
205.39 -483.58 187.65
205.47 -483.49 187.65
205.28 -483.75 187.66
205.38 -483.69 187.68
205.47 -483.67 187.69
205.50 -483.70 187.71
205.48 -483.72 187.72
205.53 -483.82 187.73
205.47 -483.87 187.75
205.65 -483.83 187.76
205.53 -483.87 187.77
205.67 -483.89 187.79
205.67 -483.96 187.80
205.74 -484.00 187.81
205.67 -484.00 187.82
205.93 -483.79 187.84
205.94 -483.95 187.85
206.08 -483.98 187.87
206.13 -483.94 187.89
206.18 -484.07 187.90
206.22 -484.03 187.91
206.48 -483.83 187.92
206.66 -483.89 187.93
206.63 -483.96 187.94
206.56 -484.10 187.95
206.55 -484.16 187.98
206.48 -483.98 187.99
206.61 -484.33 187.99
206.61 -484.27 188.00
206.64 -484.13 188.00
206.69 -484.05 188.02
206.67 -484.31 188.04
206.60 -484.19 188.04
206.51 -484.19 188.07
206.31 -484.01 188.09
206.25 -483.99 188.10
206.23 -483.90 188.11
206.31 -484.11 188.11
206.21 -484.04 188.12
206.23 -484.11 188.12
206.10 -484.05 188.12
206.08 -484.06 188.13
206.05 -484.11 188.13
206.06 -484.19 188.12
206.03 -484.19 188.13
206.00 -484.30 188.14
206.09 -484.48 188.14
205.86 -484.36 188.15
206.12 -484.68 188.15
206.03 -484.58 188.15
206.04 -484.73 188.15
205.93 -484.67 188.15
206.15 -484.81 188.16
205.89 -484.76 188.17
206.07 -484.94 188.17
205.93 -484.82 188.17
206.00 -484.76 188.18
206.07 -484.78 188.18
206.18 -484.74 188.17
206.28 -484.56 188.17
206.44 -484.47 188.18
206.44 -484.39 188.19
206.65 -484.48 188.20
207.01 -484.48 188.21
207.09 -484.64 188.22
207.18 -484.78 188.23
207.06 -484.94 188.23
207.19 -484.96 188.24
207.13 -485.03 188.25
207.09 -485.19 188.26
207.08 -485.13 188.27
207.03 -485.22 188.28
207.01 -485.09 188.29
207.02 -485.13 188.30
207.11 -485.25 188.31
207.23 -485.11 188.32
207.19 -485.05 188.33
207.39 -485.11 188.34
207.51 -485.24 188.34
207.47 -485.33 188.35
207.48 -485.27 188.35
207.60 -485.32 188.36
207.64 -485.29 188.37
207.62 -485.33 188.39
207.60 -485.53 188.40
207.50 -485.56 188.41
207.60 -485.58 188.42
207.62 -485.50 188.43
207.78 -485.46 188.44
207.65 -485.57 188.44
207.74 -485.50 188.45
207.67 -485.62 188.47
207.61 -485.76 188.49
207.70 -485.69 188.50
207.60 -485.73 188.52
207.69 -485.65 188.54
207.81 -485.65 188.55
207.71 -485.86 188.57
207.74 -485.72 188.58
207.84 -485.72 188.60
207.85 -485.74 188.60
207.83 -485.67 188.62
208.11 -485.60 188.63
208.01 -485.60 188.63
208.13 -485.71 188.64
208.24 -485.59 188.65
208.16 -485.97 188.66
208.08 -485.92 188.67
208.27 -486.03 188.69
208.24 -486.02 188.70
208.06 -485.81 188.72
208.17 -486.02 188.72
208.11 -486.16 188.73
208.15 -486.16 188.74
208.13 -486.21 188.76
208.17 -486.34 188.78
208.06 -486.23 188.77
208.18 -486.32 188.79
208.12 -486.27 188.80
208.08 -486.18 188.82
208.04 -486.17 188.84
208.11 -486.21 188.85
208.11 -486.12 188.85
208.15 -486.04 188.85
207.90 -486.25 188.84
207.68 -486.04 188.84
207.59 -486.10 188.85
207.40 -486.15 188.87
207.36 -486.22 188.86
207.39 -486.21 188.86
207.14 -486.21 188.86
207.33 -486.37 188.87
207.22 -486.44 188.89
207.15 -486.38 188.90
207.10 -486.49 188.90
207.29 -486.53 188.92
206.78 -486.29 188.90
206.88 -486.51 188.90
207.02 -486.46 188.90
206.81 -486.49 188.89
206.81 -486.36 188.88
207.11 -486.35 188.88
207.24 -486.32 188.89
207.27 -486.35 188.89
207.26 -486.40 188.89
207.55 -486.35 188.90
207.62 -486.41 188.90
207.54 -486.45 188.91
207.65 -486.59 188.93
207.78 -486.55 188.94
207.95 -486.57 188.95
207.87 -486.71 188.97
207.83 -486.67 188.98
207.87 -486.93 189.00
207.94 -486.76 189.00
207.93 -486.88 189.01
208.16 -487.00 189.03
208.11 -486.95 189.03
208.24 -487.00 189.05
208.36 -487.10 189.05
208.53 -487.08 189.06
208.76 -487.01 189.07
208.84 -487.07 189.08
208.87 -487.01 189.10
208.97 -487.05 189.11
209.04 -487.14 189.12
208.92 -487.02 189.12
209.00 -487.22 189.14
209.07 -487.31 189.15
209.03 -487.40 189.16
209.03 -487.45 189.16
209.15 -487.39 189.18
209.26 -487.31 189.19
209.20 -487.34 189.20
209.29 -487.43 189.22
209.21 -487.48 189.23
209.22 -487.42 189.25
209.35 -487.55 189.26
209.42 -487.64 189.28
209.50 -487.53 189.30
209.58 -487.65 189.32
209.59 -487.66 189.34
209.48 -487.68 189.36
209.51 -487.70 189.38
209.49 -487.75 189.40
209.51 -487.57 189.42
209.47 -487.52 189.44
209.73 -487.56 189.46
209.65 -487.70 189.48
209.47 -487.68 189.49
209.56 -487.83 189.50
209.29 -487.73 189.52
209.47 -487.37 189.53
209.20 -487.77 189.55
209.17 -487.74 189.57
209.14 -487.80 189.58
209.01 -487.72 189.58
209.01 -487.66 189.58
208.92 -487.72 189.59
208.84 -487.52 189.61
208.71 -487.63 189.60
208.56 -487.79 189.59
208.53 -487.75 189.60
208.39 -487.76 189.59
208.39 -488.00 189.59
208.28 -487.94 189.58
208.11 -487.89 189.57
208.04 -487.94 189.57
208.00 -488.03 189.59
207.90 -488.14 189.58
207.75 -488.05 189.59
207.73 -488.25 189.59
207.60 -488.26 189.60
207.53 -488.33 189.60
207.50 -488.42 189.60
207.47 -488.41 189.61
207.32 -488.51 189.61
206.88 -488.31 189.60
206.78 -488.29 189.59
206.87 -488.34 189.59
206.87 -488.29 189.59
206.72 -488.28 189.60
206.76 -488.24 189.60
206.86 -488.26 189.62
206.59 -488.24 189.64
206.82 -488.15 189.65
206.72 -488.34 189.65
206.73 -488.36 189.66
206.65 -488.38 189.67
206.82 -488.46 189.68
206.82 -488.42 189.69
206.78 -488.35 189.70
206.94 -488.42 189.71
206.99 -488.47 189.72
207.06 -488.47 189.72
207.20 -488.64 189.73
207.25 -488.77 189.75
207.37 -488.65 189.76
207.59 -488.81 189.76
207.82 -488.88 189.76
207.92 -488.93 189.77
207.93 -488.90 189.77
208.20 -488.76 189.79
208.23 -489.03 189.79
208.44 -488.90 189.80
208.61 -488.69 189.82
208.64 -488.82 189.82
208.73 -488.59 189.83
208.77 -488.88 189.84
208.73 -488.88 189.85
208.76 -488.86 189.87
208.78 -488.72 189.87
208.87 -488.93 189.89
208.80 -489.01 189.90
208.81 -489.04 189.91
208.92 -489.00 189.92
209.06 -489.05 189.94
208.97 -489.09 189.95
209.01 -489.26 189.95
209.02 -489.24 189.97
209.08 -489.30 189.99
209.15 -489.39 190.00
209.17 -489.29 190.01
209.17 -489.39 190.02
209.44 -489.24 190.03
209.27 -489.57 190.04
209.33 -489.62 190.05
209.36 -489.53 190.07
209.39 -489.60 190.10
209.32 -489.50 190.11
209.53 -489.62 190.14
209.65 -489.42 190.15
209.67 -489.61 190.17
209.45 -489.50 190.19
209.60 -489.60 190.22
209.63 -489.58 190.23
209.51 -489.44 190.24
209.59 -489.47 190.25
209.51 -489.58 190.26
209.34 -489.45 190.28
209.55 -489.65 190.30
209.64 -489.49 190.31
209.55 -489.50 190.30
209.50 -489.75 190.31
209.60 -489.71 190.32
209.61 -489.83 190.32
209.66 -489.91 190.32
209.67 -489.79 190.32
209.62 -489.89 190.32
209.60 -489.92 190.32
209.60 -489.93 190.31
209.55 -489.97 190.30
209.51 -489.96 190.29
209.44 -490.05 190.28
209.33 -489.91 190.27
209.30 -490.12 190.28
209.14 -490.15 190.26
209.12 -490.24 190.24
209.11 -490.38 190.26
208.94 -490.04 190.25
208.87 -490.20 190.25
208.64 -490.26 190.25
208.88 -490.25 190.25
208.60 -490.28 190.26
208.65 -490.30 190.25
208.69 -490.01 190.26
208.44 -489.95 190.25
208.20 -489.97 190.25
208.33 -489.80 190.28
208.46 -489.78 190.30
208.59 -489.77 190.31
208.62 -489.82 190.33
208.61 -489.90 190.34
208.73 -489.84 190.37
208.79 -490.00 190.36
208.72 -489.97 190.39
208.77 -489.93 190.42
208.94 -490.16 190.44
209.06 -490.35 190.45
209.39 -490.58 190.48
209.55 -490.67 190.49
209.67 -490.66 190.49
209.92 -490.67 190.50
210.14 -490.63 190.51
210.25 -490.51 190.52
210.56 -490.31 190.52
210.56 -490.48 190.53
210.53 -490.49 190.54
210.55 -490.45 190.54
210.60 -490.57 190.55
210.59 -490.61 190.56
210.55 -490.74 190.56
210.52 -490.76 190.57
210.61 -490.64 190.58
210.57 -490.66 190.59
210.52 -490.66 190.60
210.49 -490.72 190.60
210.59 -490.68 190.61
210.42 -490.88 190.62
210.44 -490.92 190.64
210.50 -490.95 190.65
210.49 -490.99 190.66
210.43 -491.17 190.68
210.44 -491.19 190.69
210.38 -491.20 190.70
210.36 -491.34 190.72
210.34 -491.22 190.74
210.34 -491.20 190.75
210.50 -491.14 190.76
210.17 -491.22 190.77
210.26 -491.26 190.79
210.18 -491.29 190.81
210.43 -491.37 190.82
210.23 -491.31 190.84
210.44 -491.33 190.85
210.19 -491.29 190.87
210.52 -491.24 190.88
210.15 -491.29 190.90
210.23 -491.26 190.91
210.25 -491.34 190.92
210.21 -491.13 190.93
210.21 -491.17 190.94
210.21 -491.07 190.94
210.09 -491.40 190.95
210.17 -491.30 190.96
210.19 -491.35 190.97
210.22 -491.15 190.97
210.24 -491.58 190.98
210.18 -491.44 190.99
210.14 -491.59 191.00
210.26 -491.68 190.99
210.29 -491.74 191.00
210.02 -491.57 191.01
210.07 -491.71 191.01
210.06 -491.78 191.02
209.85 -491.67 191.01
209.83 -491.81 191.01
209.70 -491.76 190.99
209.53 -491.77 190.99
209.38 -491.79 190.98
209.22 -491.77 190.96
209.14 -491.61 190.93
208.86 -491.63 190.88
208.74 -491.57 190.82
208.86 -491.68 190.78
208.75 -491.65 190.76
208.47 -491.59 190.75
208.40 -491.64 190.75
208.50 -491.75 190.78
208.33 -491.66 190.85
208.53 -491.75 190.89
208.58 -491.83 190.91
208.51 -491.74 190.95
208.52 -491.71 190.96
208.54 -491.78 190.99
208.77 -491.83 191.02
208.92 -491.99 191.03
209.07 -491.96 191.02
209.13 -492.11 191.03
208.94 -492.04 191.05
209.22 -492.04 191.06
209.38 -491.91 191.07
209.39 -491.86 191.08
209.64 -491.95 191.08
210.09 -492.19 191.09
210.21 -492.34 191.09
210.46 -492.33 191.10
210.68 -492.32 191.10
210.96 -492.17 191.11
211.07 -492.33 191.11
211.29 -492.20 191.12
211.39 -491.80 191.13
211.37 -492.21 191.15
211.29 -492.27 191.16
211.21 -492.41 191.18
211.23 -492.50 191.19
211.13 -492.59 191.21
211.24 -492.51 191.22
211.11 -492.65 191.23
211.23 -492.56 191.24
211.06 -492.76 191.25
210.97 -492.91 191.27
211.20 -492.73 191.28
211.15 -492.85 191.29
211.28 -492.80 191.31
211.03 -493.12 191.32
211.16 -493.06 191.33
211.16 -493.04 191.35
211.19 -493.11 191.37
211.16 -493.08 191.39
211.28 -493.16 191.41
211.27 -493.14 191.44
211.22 -493.21 191.46
211.28 -493.11 191.48
211.29 -493.06 191.50
211.51 -493.08 191.54
211.21 -493.03 191.56
211.23 -493.10 191.58
211.21 -493.14 191.60
211.21 -493.14 191.62
211.12 -493.13 191.64
211.26 -493.27 191.66
211.19 -493.23 191.69
211.32 -493.15 191.72
211.31 -493.36 191.73
211.37 -493.14 191.74
211.25 -493.36 191.76
211.28 -493.43 191.78
211.31 -493.50 191.79
211.47 -493.52 191.80
211.48 -493.50 191.83
211.38 -493.60 191.87
211.55 -493.23 191.92
211.38 -493.64 192.00
211.34 -493.46 192.11
211.30 -493.54 192.26
211.16 -493.42 192.42
211.31 -493.29 192.56
211.14 -493.55 192.65
210.95 -493.48 192.72
210.68 -493.32 192.82
210.57 -493.25 192.93
210.49 -493.29 193.05
210.39 -493.27 193.15
210.24 -493.14 193.22
210.08 -492.74 193.28
210.17 -493.05 193.31
210.42 -493.24 193.32
210.65 -493.40 193.30
210.62 -493.33 193.29
210.61 -493.30 193.25
210.58 -493.30 193.20
210.58 -493.32 193.14
210.52 -493.26 193.06
210.70 -493.56 192.91
210.67 -493.61 192.72
210.53 -493.54 192.46
210.65 -493.58 192.09
210.97 -494.09 191.93
210.66 -493.93 191.98
210.86 -493.77 191.91
210.86 -494.15 191.91
210.73 -494.14 191.92
210.84 -494.06 191.92
210.78 -494.11 191.91
211.16 -494.13 191.89
210.89 -494.29 191.89
210.77 -494.21 191.90
210.78 -494.28 191.89
211.21 -494.01 191.87
210.95 -494.15 191.89
210.92 -494.07 191.89
211.13 -494.08 191.90
210.91 -494.11 191.91
211.18 -494.15 191.91
211.19 -494.21 191.91
211.37 -494.15 191.92
211.35 -494.29 191.93
211.20 -494.49 191.93
211.29 -494.50 191.95
211.28 -494.43 191.96
211.34 -494.53 191.97
211.46 -494.50 191.98
211.62 -494.34 191.99
211.60 -494.42 192.00
211.62 -494.43 192.00
211.54 -494.36 192.02
211.53 -494.49 192.03
211.45 -494.54 192.04
211.43 -494.55 192.05
211.42 -494.63 192.07
211.46 -494.74 192.09
211.39 -494.66 192.10
211.53 -494.78 192.11
211.44 -494.89 192.13
211.44 -494.77 192.14
211.54 -494.88 192.15
211.49 -494.99 192.16
211.56 -494.96 192.17
211.59 -494.96 192.19
211.61 -495.03 192.21
211.76 -494.94 192.22
211.41 -495.11 192.23
211.69 -495.17 192.25
211.66 -495.12 192.27
211.79 -495.18 192.28
211.63 -495.12 192.30
211.85 -495.18 192.32
211.85 -495.09 192.33
212.01 -495.20 192.34
212.14 -495.24 192.34
212.11 -495.19 192.34
212.24 -495.46 192.35
212.24 -495.30 192.35
212.33 -495.48 192.37
212.33 -495.48 192.39
212.29 -495.45 192.40
212.07 -495.31 192.43
212.23 -495.31 192.44
212.24 -495.48 192.45
212.25 -495.51 192.46
212.09 -495.34 192.48
212.06 -495.35 192.49
212.03 -495.33 192.50
212.14 -495.45 192.50
212.11 -495.43 192.50
212.13 -495.48 192.50
212.15 -495.53 192.50
212.07 -495.48 192.50
212.07 -495.56 192.50
212.02 -495.49 192.50
211.92 -495.31 192.52
211.85 -495.49 192.52
211.83 -495.52 192.51
211.88 -495.71 192.51
211.73 -495.72 192.51
211.75 -495.79 192.51
211.57 -495.81 192.51
211.59 -495.91 192.52
211.41 -495.85 192.51
211.53 -495.93 192.52
211.33 -496.01 192.51
211.46 -496.19 192.52
211.33 -496.15 192.54
211.16 -496.02 192.55
211.15 -496.06 192.54
211.19 -496.10 192.54
211.30 -495.97 192.55
211.19 -496.00 192.57
211.02 -495.93 192.56
210.96 -496.04 192.57
210.98 -495.94 192.58
210.95 -495.96 192.59
210.94 -496.01 192.59
210.78 -495.97 192.59
210.89 -495.93 192.60
211.00 -496.07 192.60
210.92 -496.08 192.62
211.24 -496.19 192.63
211.21 -496.20 192.64
211.38 -496.13 192.65
211.44 -496.30 192.65
211.54 -496.29 192.66
211.63 -496.28 192.67
211.90 -496.28 192.68
211.98 -496.30 192.68
212.11 -496.33 192.69
212.11 -496.45 192.69
212.28 -496.42 192.70
212.36 -496.42 192.71
212.39 -496.50 192.72
212.46 -496.39 192.73
212.47 -496.57 192.73
212.54 -496.44 192.75
212.58 -496.52 192.76
212.61 -496.56 192.77
212.66 -496.56 192.78
212.68 -496.58 192.79
212.63 -496.68 192.79
212.68 -496.71 192.80
212.72 -496.79 192.80
212.85 -496.73 192.81
212.98 -496.76 192.82
212.97 -496.86 192.83
213.02 -496.92 192.84
212.92 -496.95 192.85
213.22 -496.88 192.86
213.21 -496.99 192.87
213.23 -497.01 192.88
213.28 -497.06 192.89
213.19 -497.07 192.90
213.35 -497.05 192.91
213.13 -497.03 192.92
213.12 -497.05 192.94
213.42 -497.10 192.95
213.41 -497.08 192.96
213.52 -497.11 192.98
213.05 -497.11 192.99
213.12 -497.23 193.01
213.15 -497.31 193.02
213.09 -497.31 193.03
212.85 -497.07 193.04
213.05 -497.28 193.06
213.01 -497.24 193.07
213.19 -497.44 193.08
213.16 -497.43 193.10
213.13 -497.41 193.12
212.94 -497.24 193.14
213.04 -497.36 193.16
212.97 -497.29 193.17
213.09 -497.42 193.20
213.03 -497.37 193.22
212.97 -497.32 193.24
212.94 -497.32 193.25
213.02 -497.41 193.25
212.98 -497.40 193.26
213.04 -497.48 193.27
213.01 -497.48 193.27
212.98 -497.39 193.28
213.08 -497.57 193.28
213.11 -497.58 193.28
213.06 -497.57 193.28
212.96 -497.45 193.27
212.97 -497.57 193.27
212.98 -497.68 193.28
212.80 -497.51 193.29
212.74 -497.56 193.30
212.69 -497.76 193.31
212.53 -497.71 193.31
212.51 -497.88 193.32
212.32 -497.92 193.32
212.20 -497.94 193.32
212.04 -497.80 193.32
211.69 -497.85 193.31
211.59 -497.86 193.31
211.27 -497.82 193.32
210.97 -497.73 193.32
210.89 -497.85 193.31
210.78 -497.94 193.32
210.65 -497.94 193.32
210.61 -498.07 193.30
210.55 -498.13 193.30
210.48 -498.17 193.30
210.57 -498.23 193.31
210.56 -498.25 193.31
210.59 -498.16 193.32
210.45 -497.96 193.32
210.98 -497.98 193.32
210.55 -498.24 193.33
210.91 -498.31 193.34
211.21 -498.22 193.34
211.17 -498.28 193.35
211.24 -498.42 193.36
211.35 -498.47 193.36
211.32 -498.56 193.36
211.55 -498.47 193.37
211.53 -498.62 193.37
211.81 -498.45 193.38
212.01 -498.37 193.38
212.03 -498.42 193.39
212.08 -498.40 193.40
212.32 -498.35 193.41
212.58 -498.29 193.42
212.61 -498.38 193.43
212.77 -498.35 193.44
212.81 -498.46 193.45
212.96 -498.41 193.46
212.92 -498.61 193.47
212.97 -498.68 193.49
213.01 -498.74 193.50
213.15 -498.65 193.51
213.14 -498.76 193.52
213.21 -498.81 193.53
213.38 -498.73 193.54
213.49 -498.69 193.55
213.42 -498.88 193.56
213.59 -498.72 193.57
213.56 -498.93 193.57
213.74 -498.90 193.58
213.65 -499.12 193.59
213.79 -499.08 193.60
213.90 -499.09 193.62
213.92 -499.11 193.63
213.90 -499.08 193.64
213.96 -499.12 193.66
213.98 -499.09 193.67
214.12 -499.17 193.69
214.05 -499.17 193.70
214.19 -499.13 193.71
214.09 -499.22 193.73
214.08 -499.20 193.74
214.15 -499.34 193.76
214.14 -499.22 193.77
214.09 -499.22 193.79
214.10 -499.38 193.80
213.96 -499.36 193.81
213.94 -499.37 193.83
214.11 -499.31 193.84
213.89 -499.42 193.86
213.89 -499.45 193.87
214.10 -499.39 193.88
214.08 -499.36 193.90
214.09 -499.39 193.91
213.90 -499.56 193.93
213.64 -499.39 193.95
213.73 -499.50 193.97
213.76 -499.50 193.98
213.57 -499.35 193.99
213.66 -499.51 194.00
213.73 -499.63 194.02
213.54 -499.41 194.03
213.72 -499.68 194.04
213.48 -499.46 194.06
213.38 -499.38 194.07
213.50 -499.52 194.08
213.52 -499.56 194.09
213.74 -499.73 194.09
213.57 -499.65 194.09
213.58 -499.63 194.09
213.53 -499.69 194.09
213.41 -499.57 194.09
213.43 -499.68 194.08
213.26 -499.59 194.07
213.32 -499.74 194.07
213.19 -499.65 194.07
213.33 -499.96 194.07
212.94 -499.67 194.07
213.25 -499.95 194.08
213.12 -499.94 194.08
212.95 -499.96 194.08
212.81 -499.92 194.08
212.89 -499.91 194.08
212.86 -500.07 194.07
213.00 -500.12 194.06
213.06 -500.20 194.06
213.19 -500.06 194.07
213.24 -500.03 194.08
212.94 -500.16 194.07
213.14 -500.26 194.08
213.09 -500.34 194.08
213.10 -500.32 194.09
213.06 -500.41 194.10
213.19 -500.51 194.10
213.31 -500.45 194.10
213.20 -500.46 194.11
213.31 -500.48 194.11
213.31 -500.43 194.11
213.63 -500.30 194.12
213.57 -500.38 194.13
213.74 -500.30 194.14
213.72 -500.29 194.14
213.62 -500.46 194.15
213.70 -500.46 194.16
213.84 -500.39 194.16
213.89 -500.42 194.17
213.89 -500.45 194.18
213.86 -500.50 194.19
213.85 -500.55 194.21
213.77 -500.65 194.22
213.81 -500.64 194.23
213.81 -500.60 194.25
213.81 -500.56 194.27
213.79 -500.47 194.28
213.68 -500.61 194.29
213.70 -500.48 194.30
213.78 -500.71 194.31
213.96 -500.72 194.32
214.14 -500.84 194.33
214.37 -500.74 194.33
214.49 -500.55 194.35
214.49 -500.78 194.36
214.39 -500.93 194.37
214.42 -501.04 194.39
214.40 -501.01 194.40
214.35 -501.17 194.42
214.61 -501.01 194.43
214.49 -501.06 194.45
214.26 -501.06 194.46
214.35 -501.01 194.48
214.56 -501.14 194.49
214.49 -501.12 194.51
214.74 -501.05 194.52
214.54 -501.22 194.54
214.44 -501.26 194.55
214.60 -501.23 194.56
214.63 -501.23 194.58
214.65 -501.21 194.59
214.65 -501.10 194.61
214.66 -501.22 194.63
214.34 -501.30 194.64
214.36 -501.35 194.66
214.28 -501.33 194.68
214.15 -501.31 194.69
214.34 -501.49 194.70
214.38 -501.36 194.71
214.28 -501.45 194.72
214.49 -501.61 194.74
214.48 -501.51 194.75
214.51 -501.48 194.77
214.42 -501.48 194.78
214.50 -501.54 194.80